ota_hotel_id,master_id,room_name,rg_hash,count_rg_hash,allotment,bedding_type,beds,bedding_data,multi_bed_data,capacity,price_rub_min,price_rub_max,url
tajga_hotel,9767827,Одноместный номер Стандартный с видом на внутренний двор,32020010006,4,1,,,"[""nobedding""]",,1,2730.00,4200.00,https://ostrovok.ru/hotel/russia/western_siberia_irkutsk_oblast_multi/mid9767827/tajga_hotel
tajga_hotel,9767827,Двухместный номер Стандартный с видом на внутренний двор (двуспальная кровать),32023020006,4,2,двуспальная кровать,"[""двуспальная кровать""]","[""double""]","[{""bed"": ""double"", ""count"": 1}]",2,3120.00,4800.00,https://ostrovok.ru/hotel/russia/western_siberia_irkutsk_oblast_multi/mid9767827/tajga_hotel
tajga_hotel,9767827,Двухместный номер Стандартный (2 отдельные кровати),3202402,4,10,2 отдельные кровати,"[""2 отдельные кровати""]","[""twin""]","[{""bed"": ""single"", ""count"": 2}]",2,3510.00,5400.00,https://ostrovok.ru/hotel/russia/western_siberia_irkutsk_oblast_multi/mid9767827/tajga_hotel
tajga_hotel,9767827,Двухместный номер Стандартный (двуспальная кровать),3202302,4,10,двуспальная кровать,"[""двуспальная кровать""]","[""double""]","[{""bed"": ""double"", ""count"": 1}]",2,3510.00,5400.00,https://ostrovok.ru/hotel/russia/western_siberia_irkutsk_oblast_multi/mid9767827/tajga_hotel
tajga_hotel,9767827,Двухместный Джуниор Сюит (2 отдельные кровати и диван),4002402,4,3,2 отдельные кровати и диван,"[""2 отдельные кровати"", ""диван""]","[""sofa-bed""]","[{""bed"": ""single"", ""count"": 2}]",3,3770.00,5800.00,https://ostrovok.ru/hotel/russia/western_siberia_irkutsk_oblast_multi/mid9767827/tajga_hotel
tajga_hotel,9767827,Двухместный Джуниор Сюит (двуспальная кровать и диван),4002302,4,3,двуспальная кровать и диван,"[""двуспальная кровать"", ""диван""]","[""double""]","[{""bed"": ""double"", ""count"": 1}]",3,3770.00,5800.00,https://ostrovok.ru/hotel/russia/western_siberia_irkutsk_oblast_multi/mid9767827/tajga_hotel
tajga_hotel,9767827,Двухместный Джуниор Сюит Дизайнерский с видом на город (двуспальная кровать) (кровать king size),4B023020005,4,1,двуспальная кровать,"[""двуспальная кровать""]","[""double""]","[{""bed"": ""double"", ""count"": 1}]",2,5720.00,8800.00,https://ostrovok.ru/hotel/russia/western_siberia_irkutsk_oblast_multi/mid9767827/tajga_hotel
grand_baikal,8481257,Двухместный номер Standard с красивым видом из окна (2 отдельные кровати),3202402000U,1,3,2 отдельные кровати,"[""2 отдельные кровати""]","[""twin""]","[{""bed"": ""single"", ""count"": 2}]",2,10682.00,10682.00,https://ostrovok.ru/hotel/russia/western_siberia_irkutsk_oblast_multi/mid8481257/grand_baikal
grand_baikal,8481257,Двухместный номер Standard с красивым видом из окна (двуспальная кровать),3202302000U,1,3,двуспальная кровать,"[""двуспальная кровать""]","[""double""]","[{""bed"": ""double"", ""count"": 1}]",2,10682.00,10682.00,https://ostrovok.ru/hotel/russia/western_siberia_irkutsk_oblast_multi/mid8481257/grand_baikal
grand_baikal,8481257,Двухместный люкс с 2 комнатами с красивым видом из окна (двуспальная кровать),5002302020U,1,1,двуспальная кровать,"[""двуспальная кровать""]","[""double""]","[{""bed"": ""double"", ""count"": 1}]",2,15133.00,15133.00,https://ostrovok.ru/hotel/russia/western_siberia_irkutsk_oblast_multi/mid8481257/grand_baikal
vera_baikal,13308776,Двухместный номер Стандартный (2 отдельные кровати),3202402,2,8,2 отдельные кровати,"[""2 отдельные кровати""]","[""twin""]","[{""bed"": ""single"", ""count"": 2}]",2,8835.00,8835.00,https://ostrovok.ru/hotel/russia/western_siberia_irkutsk_oblast_multi/mid13308776/vera_baikal
vera_baikal,13308776,Двухместный номер Стандартный (двуспальная кровать),3202302,2,8,двуспальная кровать,"[""двуспальная кровать""]","[""double""]","[{""bed"": ""double"", ""count"": 1}]",2,8835.00,8835.00,https://ostrovok.ru/hotel/russia/western_siberia_irkutsk_oblast_multi/mid13308776/vera_baikal
vera_baikal,13308776,Двухместный полулюкс Делюкс (двуспальная кровать),4602302,2,2,двуспальная кровать,"[""двуспальная кровать""]","[""double""]","[{""bed"": ""double"", ""count"": 1}]",2,9785.00,9785.00,https://ostrovok.ru/hotel/russia/western_siberia_irkutsk_oblast_multi/mid13308776/vera_baikal
vera_baikal,13308776,Двухместный полулюкс Делюкс (2 отдельные кровати),4602402,2,2,2 отдельные кровати,"[""2 отдельные кровати""]","[""twin""]","[{""bed"": ""single"", ""count"": 2}]",2,9785.00,9785.00,https://ostrovok.ru/hotel/russia/western_siberia_irkutsk_oblast_multi/mid13308776/vera_baikal
vera_baikal,13308776,Двухместные апартаменты улучшенные Дуплекс (двуспальная кровать),650230200002,2,8,двуспальная кровать,"[""двуспальная кровать""]","[""double""]","[{""bed"": ""double"", ""count"": 1}]",2,10735.00,10735.00,https://ostrovok.ru/hotel/russia/western_siberia_irkutsk_oblast_multi/mid13308776/vera_baikal
victory_hotel_4,8457230,Двухместный номер Стандартный (2 отдельные кровати),3202402,2,4,2 отдельные кровати,"[""2 отдельные кровати""]","[""twin""]","[{""bed"": ""single"", ""count"": 2}]",2,4800.00,4800.00,https://ostrovok.ru/hotel/russia/western_siberia_irkutsk_oblast_multi/mid8457230/victory_hotel_4
victory_hotel_4,8457230,Двухместный номер Стандартный (двуспальная кровать),3202302,2,4,двуспальная кровать,"[""двуспальная кровать""]","[""double""]","[{""bed"": ""double"", ""count"": 1}]",2,4800.00,4800.00,https://ostrovok.ru/hotel/russia/western_siberia_irkutsk_oblast_multi/mid8457230/victory_hotel_4
victory_hotel_4,8457230,Двухместный номер Стандартный Улучшенный (двуспальная кровать),3502302,2,1,двуспальная кровать,"[""двуспальная кровать""]","[""double""]","[{""bed"": ""double"", ""count"": 1}]",2,5200.00,5200.00,https://ostrovok.ru/hotel/russia/western_siberia_irkutsk_oblast_multi/mid8457230/victory_hotel_4
victory_hotel_4,8457230,Двухместный номер Стандартный Улучшенный (2 отдельные кровати),3502402,2,1,2 отдельные кровати,"[""2 отдельные кровати""]","[""twin""]","[{""bed"": ""single"", ""count"": 2}]",2,5200.00,5200.00,https://ostrovok.ru/hotel/russia/western_siberia_irkutsk_oblast_multi/mid8457230/victory_hotel_4
hotel_nuur_hotel,13174758,"Двухместные апартаменты (двуспальная кровать) (кровать king size, терраса)",6002302,4,1,двуспальная кровать,"[""двуспальная кровать""]","[""double""]","[{""bed"": ""double"", ""count"": 1}]",2,16000.00,17000.00,https://ostrovok.ru/hotel/russia/western_siberia_irkutsk_oblast_multi/mid13174758/hotel_nuur_hotel
beliy_sobol_parkhotel,8571122,Двухместный номер Standard (2 отдельные кровати),3202402,2,2,2 отдельные кровати,"[""2 отдельные кровати""]","[""twin""]","[{""bed"": ""single"", ""count"": 2}]",2,11200.00,11200.00,https://ostrovok.ru/hotel/russia/western_siberia_irkutsk_oblast_multi/mid8571122/beliy_sobol_parkhotel
beliy_sobol_parkhotel,8571122,Двухместный номер Standard (двуспальная кровать),3202302,2,2,двуспальная кровать,"[""двуспальная кровать""]","[""double""]","[{""bed"": ""double"", ""count"": 1}]",2,11200.00,11200.00,https://ostrovok.ru/hotel/russia/western_siberia_irkutsk_oblast_multi/mid8571122/beliy_sobol_parkhotel
beliy_sobol_parkhotel,8571122,Семейный номер Premium,3A0201,2,7,,,"[""nobedding""]",,3,14200.00,14200.00,https://ostrovok.ru/hotel/russia/western_siberia_irkutsk_oblast_multi/mid8571122/beliy_sobol_parkhotel
beliy_sobol_parkhotel,8571122,Коттедж Prestige,9G02,2,2,,,"[""nobedding""]",,1,40000.00,40000.00,https://ostrovok.ru/hotel/russia/western_siberia_irkutsk_oblast_multi/mid8571122/beliy_sobol_parkhotel
irkutsk_city_center,13384478,Двухместный номер Business Deluxe (2 отдельные кровати),3602412,4,32,2 отдельные кровати,"[""2 отдельные кровати""]","[""twin""]","[{""bed"": ""single"", ""count"": 2}]",2,11000.00,12000.00,https://ostrovok.ru/hotel/russia/western_siberia_irkutsk_oblast_multi/mid13384478/irkutsk_city_center
irkutsk_city_center,13384478,Двухместный номер Business Deluxe (двуспальная кровать),3602312,4,10,двуспальная кровать,"[""двуспальная кровать""]","[""double""]","[{""bed"": ""double"", ""count"": 1}]",2,13000.00,14000.00,https://ostrovok.ru/hotel/russia/western_siberia_irkutsk_oblast_multi/mid13384478/irkutsk_city_center
irkutsk_city_center,13384478,Двухместный номер Business Grand Deluxe (двуспальная кровать) (кровать king size),3D02312,4,1,двуспальная кровать,"[""двуспальная кровать""]","[""double""]","[{""bed"": ""double"", ""count"": 1}]",2,15000.00,16000.00,https://ostrovok.ru/hotel/russia/western_siberia_irkutsk_oblast_multi/mid13384478/irkutsk_city_center
irkutsk_city_center,13384478,Двухместный люкс Business (двуспальная кровать) (кровать king size),5002312,2,1,двуспальная кровать,"[""двуспальная кровать""]","[""double""]","[{""bed"": ""double"", ""count"": 1}]",2,20700.00,20700.00,https://ostrovok.ru/hotel/russia/western_siberia_irkutsk_oblast_multi/mid13384478/irkutsk_city_center
miniotel_good_hotel,10013559,Двухместный номер Standard (общая ванная комната) (двуспальная кровать),3201302,2,1,двуспальная кровать,"[""двуспальная кровать""]","[""double""]","[{""bed"": ""double"", ""count"": 1}]",2,2400.00,2400.00,https://ostrovok.ru/hotel/russia/western_siberia_irkutsk_oblast_multi/mid10013559/miniotel_good_hotel
miniotel_good_hotel,10013559,Двухместный номер Standard (общая ванная комната) (2 отдельные кровати),3201402,2,2,2 отдельные кровати,"[""2 отдельные кровати""]","[""twin""]","[{""bed"": ""single"", ""count"": 2}]",2,2400.00,2400.00,https://ostrovok.ru/hotel/russia/western_siberia_irkutsk_oblast_multi/mid10013559/miniotel_good_hotel
miniotel_good_hotel,10013559,Трёхместный семейный номер Standard (общая ванная комната),3201013,2,1,,,"[""nobedding""]",,3,2900.00,2900.00,https://ostrovok.ru/hotel/russia/western_siberia_irkutsk_oblast_multi/mid10013559/miniotel_good_hotel
podlemorie_hotel,7679750,Двухместный номер Standard (2 отдельные кровати),3202402,2,2,2 отдельные кровати,"[""2 отдельные кровати""]","[""twin""]","[{""bed"": ""single"", ""count"": 2}]",2,6800.00,6800.00,https://ostrovok.ru/hotel/russia/western_siberia_irkutsk_oblast_multi/mid7679750/podlemorie_hotel
podlemorie_hotel,7679750,Двухместный номер Superior (двуспальная кровать),3502302,2,1,двуспальная кровать,"[""двуспальная кровать""]","[""double""]","[{""bed"": ""double"", ""count"": 1}]",2,7500.00,7500.00,https://ostrovok.ru/hotel/russia/western_siberia_irkutsk_oblast_multi/mid7679750/podlemorie_hotel
podlemorie_hotel,7679750,Трёхместный номер Superior,3502003,2,1,,,"[""nobedding""]",,3,10500.00,10500.00,https://ostrovok.ru/hotel/russia/western_siberia_irkutsk_oblast_multi/mid7679750/podlemorie_hotel
empire_hotel_3,7829344,Одноместный номер Комфорт,3302001,2,1,,,"[""nobedding""]",,1,6000.00,6000.00,https://ostrovok.ru/hotel/russia/western_siberia_irkutsk_oblast_multi/mid7829344/empire_hotel_3
empire_hotel_3,7829344,Двухместный номер Улучшенный Бизнес (двуспальная кровать),3402302,2,1,двуспальная кровать,"[""двуспальная кровать""]","[""double""]","[{""bed"": ""double"", ""count"": 1}]",2,6900.00,6900.00,https://ostrovok.ru/hotel/russia/western_siberia_irkutsk_oblast_multi/mid7829344/empire_hotel_3
empire_hotel_3,7829344,Двухместный номер Улучшенный Бизнес (2 отдельные кровати),3402402,2,1,2 отдельные кровати,"[""2 отдельные кровати""]","[""twin""]","[{""bed"": ""single"", ""count"": 2}]",2,6900.00,6900.00,https://ostrovok.ru/hotel/russia/western_siberia_irkutsk_oblast_multi/mid7829344/empire_hotel_3
empire_hotel_3,7829344,Двухместный джуниор сьюит (двуспальная кровать),4002302,2,1,двуспальная кровать,"[""двуспальная кровать""]","[""double""]","[{""bed"": ""double"", ""count"": 1}]",2,10100.00,10100.00,https://ostrovok.ru/hotel/russia/western_siberia_irkutsk_oblast_multi/mid7829344/empire_hotel_3
azimut_aeroport_irkutsk_hotel,13317260,Одноместный номер Standard,3202001,2,4,,,"[""nobedding""]",,1,8850.00,8910.00,https://ostrovok.ru/hotel/russia/western_siberia_irkutsk_oblast_multi/mid13317260/azimut_aeroport_irkutsk_hotel
azimut_aeroport_irkutsk_hotel,13317260,Двухместный номер Standard (двуспальная кровать) (для гостей с ограниченными возможностями),3202302,2,2,двуспальная кровать,"[""двуспальная кровать""]","[""double""]","[{""bed"": ""double"", ""count"": 1}]",2,9350.00,9414.00,https://ostrovok.ru/hotel/russia/western_siberia_irkutsk_oblast_multi/mid13317260/azimut_aeroport_irkutsk_hotel
azimut_aeroport_irkutsk_hotel,13317260,Двухместный номер Standard (2 отдельные кровати),3202402,2,5,2 отдельные кровати,"[""2 отдельные кровати""]","[""twin""]","[{""bed"": ""single"", ""count"": 2}]",2,9350.00,9414.00,https://ostrovok.ru/hotel/russia/western_siberia_irkutsk_oblast_multi/mid13317260/azimut_aeroport_irkutsk_hotel
mayak_hotel_listvyanka,7816262,Двухместный номер Стандарт Эконом (дополнительное здание) (2 отдельные кровати) (в дополнительном здании),3402402,1,3,2 отдельные кровати,"[""2 отдельные кровати""]","[""twin""]","[{""bed"": ""single"", ""count"": 2}]",2,7000.00,7000.00,https://ostrovok.ru/hotel/russia/western_siberia_irkutsk_oblast_multi/mid7816262/mayak_hotel_listvyanka
mayak_hotel_listvyanka,7816262,Двухместный номер Стандарт Эконом (дополнительное здание) (двуспальная кровать) (в дополнительном здании),3402302,1,3,двуспальная кровать,"[""двуспальная кровать""]","[""double""]","[{""bed"": ""double"", ""count"": 1}]",2,7000.00,7000.00,https://ostrovok.ru/hotel/russia/western_siberia_irkutsk_oblast_multi/mid7816262/mayak_hotel_listvyanka
mayak_hotel_listvyanka,7816262,Одноместный номер Стандарт (дополнительное здание) (в дополнительном здании),3202001,1,3,,,"[""nobedding""]",,1,7000.00,7000.00,https://ostrovok.ru/hotel/russia/western_siberia_irkutsk_oblast_multi/mid7816262/mayak_hotel_listvyanka
mayak_hotel_listvyanka,7816262,Одноместный номер Стандарт Классический (главное здание) (односпальная кровать) (в главном здании),3B02201,1,3,односпальная кровать,"[""односпальная кровать""]","[""nobedding""]","[{""bed"": ""single"", ""count"": 1}]",1,8510.00,8510.00,https://ostrovok.ru/hotel/russia/western_siberia_irkutsk_oblast_multi/mid7816262/mayak_hotel_listvyanka
mayak_hotel_listvyanka,7816262,Двухместный номер Стандарт Классический (главное здание) (2 отдельные кровати) (в главном здании),3B02402,1,2,2 отдельные кровати,"[""2 отдельные кровати""]","[""twin""]","[{""bed"": ""single"", ""count"": 2}]",2,8970.00,8970.00,https://ostrovok.ru/hotel/russia/western_siberia_irkutsk_oblast_multi/mid7816262/mayak_hotel_listvyanka
mayak_hotel_listvyanka,7816262,Двухместный номер Стандарт Классический (главное здание) (двуспальная кровать) (в главном здании),3B02302,1,2,двуспальная кровать,"[""двуспальная кровать""]","[""double""]","[{""bed"": ""double"", ""count"": 1}]",2,8970.00,8970.00,https://ostrovok.ru/hotel/russia/western_siberia_irkutsk_oblast_multi/mid7816262/mayak_hotel_listvyanka
mayak_hotel_listvyanka,7816262,Двухместный номер Комфорт (дополнительное здание) (двуспальная кровать) (в дополнительном здании),3302302,1,3,двуспальная кровать,"[""двуспальная кровать""]","[""double""]","[{""bed"": ""double"", ""count"": 1}]",2,9660.00,9660.00,https://ostrovok.ru/hotel/russia/western_siberia_irkutsk_oblast_multi/mid7816262/mayak_hotel_listvyanka
mayak_hotel_listvyanka,7816262,Двухместный номер Комфорт (дополнительное здание) (2 отдельные кровати) (в дополнительном здании),3302402,1,3,2 отдельные кровати,"[""2 отдельные кровати""]","[""twin""]","[{""bed"": ""single"", ""count"": 2}]",2,9660.00,9660.00,https://ostrovok.ru/hotel/russia/western_siberia_irkutsk_oblast_multi/mid7816262/mayak_hotel_listvyanka
mayak_hotel_listvyanka,7816262,Двухместный номер Стандарт улучшенный (главное здание) (двуспальная кровать) (в главном здании),3502302,1,4,двуспальная кровать,"[""двуспальная кровать""]","[""double""]","[{""bed"": ""double"", ""count"": 1}]",2,11270.00,11270.00,https://ostrovok.ru/hotel/russia/western_siberia_irkutsk_oblast_multi/mid7816262/mayak_hotel_listvyanka
mayak_hotel_listvyanka,7816262,Двухместный номер Стандарт улучшенный (главное здание) (2 отдельные кровати) (в главном здании),3502402,1,4,2 отдельные кровати,"[""2 отдельные кровати""]","[""twin""]","[{""bed"": ""single"", ""count"": 2}]",2,11270.00,11270.00,https://ostrovok.ru/hotel/russia/western_siberia_irkutsk_oblast_multi/mid7816262/mayak_hotel_listvyanka
mayak_hotel_listvyanka,7816262,Двухместный Джуниор Сьют (главное здание) Улучшенный (2 отдельные кровати) (в главном здании),4502402,1,4,2 отдельные кровати,"[""2 отдельные кровати""]","[""twin""]","[{""bed"": ""single"", ""count"": 2}]",2,16675.00,16675.00,https://ostrovok.ru/hotel/russia/western_siberia_irkutsk_oblast_multi/mid7816262/mayak_hotel_listvyanka
mayak_hotel_listvyanka,7816262,Двухместный Джуниор Сьют (главное здание) Улучшенный (двуспальная кровать) (в главном здании),4502302,1,4,двуспальная кровать,"[""двуспальная кровать""]","[""double""]","[{""bed"": ""double"", ""count"": 1}]",2,16675.00,16675.00,https://ostrovok.ru/hotel/russia/western_siberia_irkutsk_oblast_multi/mid7816262/mayak_hotel_listvyanka
mayak_hotel_listvyanka,7816262,Двухместный номер Семейный (главное здание) с видом на озеро (двуспальная кровать) (в главном здании),3I02302000D,1,2,двуспальная кровать,"[""двуспальная кровать""]","[""double""]","[{""bed"": ""double"", ""count"": 1}]",2,21850.00,21850.00,https://ostrovok.ru/hotel/russia/western_siberia_irkutsk_oblast_multi/mid7816262/mayak_hotel_listvyanka
mayak_hotel_listvyanka,7816262,Двухместный номер Семейный (главное здание) с видом на озеро (2 отдельные кровати) (в главном здании),3I02402000D,1,2,2 отдельные кровати,"[""2 отдельные кровати""]","[""twin""]","[{""bed"": ""single"", ""count"": 2}]",2,21850.00,21850.00,https://ostrovok.ru/hotel/russia/western_siberia_irkutsk_oblast_multi/mid7816262/mayak_hotel_listvyanka
mayak_hotel_listvyanka,7816262,Двухместный Люкс (главное здание) (двуспальная кровать) (в главном здании),5002302,1,1,двуспальная кровать,"[""двуспальная кровать""]","[""double""]","[{""bed"": ""double"", ""count"": 1}]",2,37950.00,37950.00,https://ostrovok.ru/hotel/russia/western_siberia_irkutsk_oblast_multi/mid7816262/mayak_hotel_listvyanka
lada_8,8878913,Трёхместный номер Economy (общая ванная комната),3101003,3,2,,,"[""nobedding""]",,3,8400.00,11900.00,https://ostrovok.ru/hotel/russia/western_siberia_irkutsk_oblast_multi/mid8878913/lada_8
gostevoy_dom_sunrise,10485526,Семейный номер Classic,3B0201,2,1,,,"[""nobedding""]",,3,14348.00,14500.00,https://ostrovok.ru/hotel/russia/western_siberia_irkutsk_oblast_multi/mid10485526/gostevoy_dom_sunrise
hotel_nikola_2,8748287,Двухместный номер Standard с видом на город (двуспальная кровать),32023020005,2,1,двуспальная кровать,"[""двуспальная кровать""]","[""double""]","[{""bed"": ""double"", ""count"": 1}]",2,6558.00,6630.00,https://ostrovok.ru/hotel/russia/western_siberia_irkutsk_oblast_multi/mid8748287/hotel_nikola_2
hotel_nikola_2,8748287,Двухместный номер Standard (2 отдельные кровати),3202402,2,1,2 отдельные кровати,"[""2 отдельные кровати""]","[""twin""]","[{""bed"": ""single"", ""count"": 2}]",2,7715.00,7800.00,https://ostrovok.ru/hotel/russia/western_siberia_irkutsk_oblast_multi/mid8748287/hotel_nikola_2
hotel_nikola_2,8748287,Двухместный номер Superior (двуспальная кровать),3502302,2,10,двуспальная кровать,"[""двуспальная кровать""]","[""double""]","[{""bed"": ""double"", ""count"": 1}]",2,8704.00,8800.00,https://ostrovok.ru/hotel/russia/western_siberia_irkutsk_oblast_multi/mid8748287/hotel_nikola_2
hotel_nikola_2,8748287,Двухместный номер Superior (2 отдельные кровати),3502402,2,10,2 отдельные кровати,"[""2 отдельные кровати""]","[""twin""]","[{""bed"": ""single"", ""count"": 2}]",2,8704.00,8800.00,https://ostrovok.ru/hotel/russia/western_siberia_irkutsk_oblast_multi/mid8748287/hotel_nikola_2
hotel_nikola_2,8748287,Двухместный полулюкс с красивым видом из окна (двуспальная кровать),4002302000U,2,2,двуспальная кровать,"[""двуспальная кровать""]","[""double""]","[{""bed"": ""double"", ""count"": 1}]",2,13749.00,13900.00,https://ostrovok.ru/hotel/russia/western_siberia_irkutsk_oblast_multi/mid8748287/hotel_nikola_2
hotel_nikola_2,8748287,Двухместный полулюкс с красивым видом из окна (2 отдельные кровати),4002402000U,2,2,2 отдельные кровати,"[""2 отдельные кровати""]","[""twin""]","[{""bed"": ""single"", ""count"": 2}]",2,13749.00,13900.00,https://ostrovok.ru/hotel/russia/western_siberia_irkutsk_oblast_multi/mid8748287/hotel_nikola_2
hotel_nikola_2,8748287,Двухместный полулюкс Premium с видом на озеро (2 отдельные кровати),4A02402000D,2,2,2 отдельные кровати,"[""2 отдельные кровати""]","[""twin""]","[{""bed"": ""single"", ""count"": 2}]",2,19058.00,19500.00,https://ostrovok.ru/hotel/russia/western_siberia_irkutsk_oblast_multi/mid8748287/hotel_nikola_2
guest_house_baykaliya,13428580,Двухместный номер Superior (двуспальная кровать и диван),3502302,2,2,двуспальная кровать и диван,"[""двуспальная кровать"", ""диван""]","[""double""]","[{""bed"": ""double"", ""count"": 1}]",3,7916.00,8000.00,https://ostrovok.ru/hotel/russia/western_siberia_irkutsk_oblast_multi/mid13428580/guest_house_baykaliya
klubnyij_kvartal_apartments,9081992,Апартаменты,6002,2,1,,,"[""nobedding""]",,1,4000.00,4000.00,https://ostrovok.ru/hotel/russia/western_siberia_irkutsk_oblast_multi/mid9081992/klubnyij_kvartal_apartments
klubnyij_kvartal_apartments,9081992,Люкс,5002,2,2,,,"[""nobedding""]",,1,5600.00,5600.00,https://ostrovok.ru/hotel/russia/western_siberia_irkutsk_oblast_multi/mid9081992/klubnyij_kvartal_apartments
kheyvitsa_guest_house,11169967,Двухместный номер Лазурный (двуспальная кровать),3402302,2,1,двуспальная кровать,"[""двуспальная кровать""]","[""double""]","[{""bed"": ""double"", ""count"": 1}]",2,6000.00,6000.00,https://ostrovok.ru/hotel/russia/western_siberia_irkutsk_oblast_multi/mid11169967/kheyvitsa_guest_house
otel_irkut,8348721,Двухместный номер Standard (2 отдельные кровати),3202402,2,6,2 отдельные кровати,"[""2 отдельные кровати""]","[""twin""]","[{""bed"": ""single"", ""count"": 2}]",2,3500.00,3500.00,https://ostrovok.ru/hotel/russia/western_siberia_irkutsk_oblast_multi/mid8348721/otel_irkut
otel_irkut,8348721,Двухместный номер Superior (двуспальная кровать),3502302,2,2,двуспальная кровать,"[""двуспальная кровать""]","[""double""]","[{""bed"": ""double"", ""count"": 1}]",2,3900.00,3900.00,https://ostrovok.ru/hotel/russia/western_siberia_irkutsk_oblast_multi/mid8348721/otel_irkut
otel_irkut,8348721,Двухместный номер Superior (2 отдельные кровати),3502402,2,6,2 отдельные кровати,"[""2 отдельные кровати""]","[""twin""]","[{""bed"": ""single"", ""count"": 2}]",2,3900.00,3900.00,https://ostrovok.ru/hotel/russia/western_siberia_irkutsk_oblast_multi/mid8348721/otel_irkut
otel_irkut,8348721,Двухместный номер Standard Premium (двуспальная кровать),3A02302,2,1,двуспальная кровать,"[""двуспальная кровать""]","[""double""]","[{""bed"": ""double"", ""count"": 1}]",2,6800.00,6800.00,https://ostrovok.ru/hotel/russia/western_siberia_irkutsk_oblast_multi/mid8348721/otel_irkut
sobolinka_parkhotel_2,9761022,Двухместный полулюкс с красивым видом из окна (двуспальная кровать),4002302000U,2,2,двуспальная кровать,"[""двуспальная кровать""]","[""double""]","[{""bed"": ""double"", ""count"": 1}]",2,8704.00,9347.00,https://ostrovok.ru/hotel/russia/western_siberia_irkutsk_oblast_multi/mid9761022/sobolinka_parkhotel_2
gostinitsa_ustilim,7026078,Одноместный номер Эконом (общая ванная комната),3101001,2,0,,,"[""nobedding""]",,1,1801.00,10338.00,https://ostrovok.ru/hotel/russia/western_siberia_irkutsk_oblast_multi/mid7026078/gostinitsa_ustilim
gostinitsa_ustilim,7026078,Двухместный номер Эконом (общая ванная комната) (2 отдельные кровати),3101402,1,0,2 отдельные кровати,"[""2 отдельные кровати""]","[""twin""]","[{""bed"": ""single"", ""count"": 2}]",2,3577.00,3577.00,https://ostrovok.ru/hotel/russia/western_siberia_irkutsk_oblast_multi/mid7026078/gostinitsa_ustilim
gostinitsa_ustilim,7026078,Одноместный номер Стандарт,3202001,2,1,,,"[""nobedding""]",,1,4000.00,4204.00,https://ostrovok.ru/hotel/russia/western_siberia_irkutsk_oblast_multi/mid7026078/gostinitsa_ustilim
gostinitsa_ustilim,7026078,Одноместный номер Комфорт,3302001,2,1,,,"[""nobedding""]",,1,5300.00,5563.00,https://ostrovok.ru/hotel/russia/western_siberia_irkutsk_oblast_multi/mid7026078/gostinitsa_ustilim
gostinitsa_ustilim,7026078,Одноместный номер Улучшенный комфорт,3402001,2,3,,,"[""nobedding""]",,1,6000.00,6295.00,https://ostrovok.ru/hotel/russia/western_siberia_irkutsk_oblast_multi/mid7026078/gostinitsa_ustilim
gostinitsa_ustilim,7026078,Двухместный люкс (двуспальная кровать),5002302,2,2,двуспальная кровать,"[""двуспальная кровать""]","[""double""]","[{""bed"": ""double"", ""count"": 1}]",2,9100.00,9536.00,https://ostrovok.ru/hotel/russia/western_siberia_irkutsk_oblast_multi/mid7026078/gostinitsa_ustilim
hotel_premium_hotel_pushkin,13310309,Двухместный номер Делюкс с красивым видом из окна (двуспальная кровать),3602302000U,2,3,двуспальная кровать,"[""двуспальная кровать""]","[""double""]","[{""bed"": ""double"", ""count"": 1}]",2,18000.00,18000.00,https://ostrovok.ru/hotel/russia/western_siberia_irkutsk_oblast_multi/mid13310309/hotel_premium_hotel_pushkin
hotel_premium_hotel_pushkin,13310309,Двухместный номер Гранд Делюкс с видом на внутренний двор (двуспальная кровать),3D023020006,2,12,двуспальная кровать,"[""двуспальная кровать""]","[""double""]","[{""bed"": ""double"", ""count"": 1}]",2,21000.00,21000.00,https://ostrovok.ru/hotel/russia/western_siberia_irkutsk_oblast_multi/mid13310309/hotel_premium_hotel_pushkin
hotel_premium_hotel_pushkin,13310309,Двухместный номер Гранд Делюкс с балконом и с видом на город (двуспальная кровать),3D023020015,2,1,двуспальная кровать,"[""двуспальная кровать""]","[""double""]","[{""bed"": ""double"", ""count"": 1}]",2,23000.00,23000.00,https://ostrovok.ru/hotel/russia/western_siberia_irkutsk_oblast_multi/mid13310309/hotel_premium_hotel_pushkin
hotel_premium_hotel_pushkin,13310309,Двухместный номер Премиум с красивым видом из окна (двуспальная кровать),3A02302000U,2,8,двуспальная кровать,"[""двуспальная кровать""]","[""double""]","[{""bed"": ""double"", ""count"": 1}]",2,26000.00,26000.00,https://ostrovok.ru/hotel/russia/western_siberia_irkutsk_oblast_multi/mid13310309/hotel_premium_hotel_pushkin
hotel_premium_hotel_pushkin,13310309,Двухместный люкс Посольский с балконом и с красивым видом из окна (двуспальная кровать),5C02302001U,2,1,двуспальная кровать,"[""двуспальная кровать""]","[""double""]","[{""bed"": ""double"", ""count"": 1}]",2,38000.00,38000.00,https://ostrovok.ru/hotel/russia/western_siberia_irkutsk_oblast_multi/mid13310309/hotel_premium_hotel_pushkin
hotel_premium_hotel_pushkin,13310309,Двухместный люкс Президентский с красивым видом из окна (двуспальная кровать),5902302000U,2,2,двуспальная кровать,"[""двуспальная кровать""]","[""double""]","[{""bed"": ""double"", ""count"": 1}]",2,48000.00,48000.00,https://ostrovok.ru/hotel/russia/western_siberia_irkutsk_oblast_multi/mid13310309/hotel_premium_hotel_pushkin
matreshka_hotel,6332937,Одноместный номер Standard,3202001,4,4,,,"[""nobedding""]",,1,4425.00,5355.00,https://ostrovok.ru/hotel/russia/western_siberia_irkutsk_oblast_multi/mid6332937/matreshka_hotel
matreshka_hotel,6332937,Одноместный номер Comfort,3302001,4,1,,,"[""nobedding""]",,1,4540.00,5481.00,https://ostrovok.ru/hotel/russia/western_siberia_irkutsk_oblast_multi/mid6332937/matreshka_hotel
matreshka_hotel,6332937,Двухместный полулюкс (двуспальная кровать),4002302,4,2,двуспальная кровать,"[""двуспальная кровать""]","[""double""]","[{""bed"": ""double"", ""count"": 1}]",2,5632.00,7182.00,https://ostrovok.ru/hotel/russia/western_siberia_irkutsk_oblast_multi/mid6332937/matreshka_hotel
arena_g_irkutsk,8491921,Одноместный номер Superior (общая ванная комната),3501001,2,5,,,"[""nobedding""]",,1,2401.00,2500.00,https://ostrovok.ru/hotel/russia/western_siberia_irkutsk_oblast_multi/mid8491921/arena_g_irkutsk
arena_g_irkutsk,8491921,Двухместный номер Superior (общая ванная комната) (2 отдельные кровати),3501402,2,6,2 отдельные кровати,"[""2 отдельные кровати""]","[""twin""]","[{""bed"": ""single"", ""count"": 2}]",2,2882.00,3000.00,https://ostrovok.ru/hotel/russia/western_siberia_irkutsk_oblast_multi/mid8491921/arena_g_irkutsk
arena_g_irkutsk,8491921,Двухместный семейный номер Standard с видом на город (двуспальная кровать и диван),32023120005,2,5,двуспальная кровать и диван,"[""двуспальная кровать"", ""диван""]","[""double""]","[{""bed"": ""double"", ""count"": 1}]",3,3890.00,4000.00,https://ostrovok.ru/hotel/russia/western_siberia_irkutsk_oblast_multi/mid8491921/arena_g_irkutsk
minihotel_panda,6479321,Двухместный номер Economy (общая ванная комната) (двуспальная кровать),3101302,2,1,двуспальная кровать,"[""двуспальная кровать""]","[""double""]","[{""bed"": ""double"", ""count"": 1}]",2,2880.00,2880.00,https://ostrovok.ru/hotel/russia/western_siberia_irkutsk_oblast_multi/mid6479321/minihotel_panda
minihotel_panda,6479321,Двухместный номер Superior (двуспальная кровать),3502302,2,1,двуспальная кровать,"[""двуспальная кровать""]","[""double""]","[{""bed"": ""double"", ""count"": 1}]",2,4200.00,4200.00,https://ostrovok.ru/hotel/russia/western_siberia_irkutsk_oblast_multi/mid6479321/minihotel_panda
bajkal_hotel,7965294,Двухместный номер Deluxe (2 отдельные кровати),3602402,2,10,2 отдельные кровати,"[""2 отдельные кровати""]","[""twin""]","[{""bed"": ""single"", ""count"": 2}]",2,15000.00,15000.00,https://ostrovok.ru/hotel/russia/western_siberia_irkutsk_oblast_multi/mid7965294/bajkal_hotel
bajkal_hotel,7965294,Двухместный номер Deluxe с видом на озеро (2 отдельные кровати),3602402000D,2,13,2 отдельные кровати,"[""2 отдельные кровати""]","[""twin""]","[{""bed"": ""single"", ""count"": 2}]",2,17000.00,17000.00,https://ostrovok.ru/hotel/russia/western_siberia_irkutsk_oblast_multi/mid7965294/bajkal_hotel
bajkal_hotel,7965294,Люкс,5002,2,2,,,"[""nobedding""]",,1,35000.00,35000.00,https://ostrovok.ru/hotel/russia/western_siberia_irkutsk_oblast_multi/mid7965294/bajkal_hotel
north_star_hotel_9,10670964,Двухместный семейный люкс с красивым видом из окна (2 отдельные кровати и диван),5002412000U,4,2,2 отдельные кровати и диван,"[""2 отдельные кровати"", ""диван""]","[""sofa-bed""]","[{""bed"": ""single"", ""count"": 2}]",3,9800.00,10100.00,https://ostrovok.ru/hotel/russia/western_siberia_irkutsk_oblast_multi/mid10670964/north_star_hotel_9
north_star_hotel_9,10670964,Двухместный семейный люкс с красивым видом из окна (двуспальная кровать и диван),5002312000U,4,2,двуспальная кровать и диван,"[""двуспальная кровать"", ""диван""]","[""double""]","[{""bed"": ""double"", ""count"": 1}]",3,9800.00,10100.00,https://ostrovok.ru/hotel/russia/western_siberia_irkutsk_oblast_multi/mid10670964/north_star_hotel_9
inn_business_hall,8735100,Двухместный номер Standard с красивым видом из окна (2 отдельные кровати),3202402000U,2,6,2 отдельные кровати,"[""2 отдельные кровати""]","[""twin""]","[{""bed"": ""single"", ""count"": 2}]",2,4420.00,5050.00,https://ostrovok.ru/hotel/russia/western_siberia_irkutsk_oblast_multi/mid8735100/inn_business_hall
7_dorog,7029576,Одноместный номер Superior с видом на город,35020010005,4,1,,,"[""nobedding""]",,1,6190.00,6790.00,https://ostrovok.ru/hotel/russia/western_siberia_irkutsk_oblast_multi/mid7029576/7_dorog
7_dorog,7029576,Двухместный номер Standard с видом на город (2 отдельные кровати),32024020005,4,1,2 отдельные кровати,"[""2 отдельные кровати""]","[""twin""]","[{""bed"": ""single"", ""count"": 2}]",2,7370.00,7970.00,https://ostrovok.ru/hotel/russia/western_siberia_irkutsk_oblast_multi/mid7029576/7_dorog
7_dorog,7029576,Двухместный номер Superior с видом на город (двуспальная кровать),35023020005,4,4,двуспальная кровать,"[""двуспальная кровать""]","[""double""]","[{""bed"": ""double"", ""count"": 1}]",2,9370.00,9930.00,https://ostrovok.ru/hotel/russia/western_siberia_irkutsk_oblast_multi/mid7029576/7_dorog
7_dorog,7029576,Семейный люкс с видом на город,50020100005,4,1,,,"[""nobedding""]",,3,11930.00,12970.00,https://ostrovok.ru/hotel/russia/western_siberia_irkutsk_oblast_multi/mid7029576/7_dorog
ibis_irkutsk_center,8734978,Двухместный номер Standard с видом на город (2 отдельные кровати),32024020005,2,1,2 отдельные кровати,"[""2 отдельные кровати""]","[""twin""]","[{""bed"": ""single"", ""count"": 2}]",2,9250.00,9250.00,https://ostrovok.ru/hotel/russia/western_siberia_irkutsk_oblast_multi/mid8734978/ibis_irkutsk_center
ibis_irkutsk_center,8734978,Двухместный номер Standard с видом на город (двуспальная кровать),32023020005,4,6,двуспальная кровать,"[""двуспальная кровать""]","[""double""]","[{""bed"": ""double"", ""count"": 1}]",2,9250.00,10500.00,https://ostrovok.ru/hotel/russia/western_siberia_irkutsk_oblast_multi/mid8734978/ibis_irkutsk_center
ibis_irkutsk_center,8734978,Двухместный номер Superior с видом на город (двуспальная кровать),35023020005,4,2,двуспальная кровать,"[""двуспальная кровать""]","[""double""]","[{""bed"": ""double"", ""count"": 1}]",2,10750.00,12000.00,https://ostrovok.ru/hotel/russia/western_siberia_irkutsk_oblast_multi/mid8734978/ibis_irkutsk_center
kupechesky_dvor_hotel,8059354,Двухместный полулюкс Мансарда (двуспальная кровать),400230200004,2,1,двуспальная кровать,"[""двуспальная кровать""]","[""double""]","[{""bed"": ""double"", ""count"": 1}]",2,11165.00,11500.00,https://ostrovok.ru/hotel/russia/western_siberia_irkutsk_oblast_multi/mid8059354/kupechesky_dvor_hotel
kupechesky_dvor_hotel,8059354,Двухместный полулюкс с видом на город (двуспальная кровать) (кровать king size),40023020005,2,2,двуспальная кровать,"[""двуспальная кровать""]","[""double""]","[{""bed"": ""double"", ""count"": 1}]",2,12524.00,12900.00,https://ostrovok.ru/hotel/russia/western_siberia_irkutsk_oblast_multi/mid8059354/kupechesky_dvor_hotel
malinovka_3,9079016,Двухместный номер Economy с балконом и с видом на озеро (общая ванная комната) (2 отдельные кровати),3101402001D,1,1,2 отдельные кровати,"[""2 отдельные кровати""]","[""twin""]","[{""bed"": ""single"", ""count"": 2}]",2,3462.00,3462.00,https://ostrovok.ru/hotel/russia/western_siberia_irkutsk_oblast_multi/mid9079016/malinovka_3
malinovka_3,9079016,Двухместный номер Standard с видом на озеро (двуспальная кровать),3202302000D,1,1,двуспальная кровать,"[""двуспальная кровать""]","[""double""]","[{""bed"": ""double"", ""count"": 1}]",2,4945.00,4945.00,https://ostrovok.ru/hotel/russia/western_siberia_irkutsk_oblast_multi/mid9079016/malinovka_3
malinovka_3,9079016,Двухместный номер Superior с видом на озеро (двуспальная кровать),3502302000D,1,1,двуспальная кровать,"[""двуспальная кровать""]","[""double""]","[{""bed"": ""double"", ""count"": 1}]",2,5044.00,5044.00,https://ostrovok.ru/hotel/russia/western_siberia_irkutsk_oblast_multi/mid9079016/malinovka_3
malinovka_3,9079016,Трёхместный номер Superior с видом на озеро,3502003000D,1,1,,,"[""nobedding""]",,3,6924.00,6924.00,https://ostrovok.ru/hotel/russia/western_siberia_irkutsk_oblast_multi/mid9079016/malinovka_3
malinovka_3,9079016,Четырёхместный номер Superior с видом на озеро,3502004000D,1,1,,,"[""nobedding""]",,4,7913.00,7913.00,https://ostrovok.ru/hotel/russia/western_siberia_irkutsk_oblast_multi/mid9079016/malinovka_3
hotel_kurshavel_,6456691,Двухместный номер Standard (двуспальная кровать),3202302,2,3,двуспальная кровать,"[""двуспальная кровать""]","[""double""]","[{""bed"": ""double"", ""count"": 1}]",2,3899.00,4000.00,https://ostrovok.ru/hotel/russia/western_siberia_irkutsk_oblast_multi/mid6456691/hotel_kurshavel_
hotel_kurshavel_,6456691,Двухместный номер Standard (2 отдельные кровати),3202402,2,2,2 отдельные кровати,"[""2 отдельные кровати""]","[""twin""]","[{""bed"": ""single"", ""count"": 2}]",2,3899.00,4000.00,https://ostrovok.ru/hotel/russia/western_siberia_irkutsk_oblast_multi/mid6456691/hotel_kurshavel_
hotel_kurshavel_,6456691,Трёхместный номер Standard,3202003,2,1,,,"[""nobedding""]",,3,4386.00,4500.00,https://ostrovok.ru/hotel/russia/western_siberia_irkutsk_oblast_multi/mid6456691/hotel_kurshavel_
hotel_kurshavel_,6456691,Двухместный номер Superior (двуспальная кровать),3502302,2,1,двуспальная кровать,"[""двуспальная кровать""]","[""double""]","[{""bed"": ""double"", ""count"": 1}]",2,4873.00,5000.00,https://ostrovok.ru/hotel/russia/western_siberia_irkutsk_oblast_multi/mid6456691/hotel_kurshavel_
apartamentyi_v_irkutske,9993445,Двухместный номер Superior (двуспальная кровать),3502302,2,1,двуспальная кровать,"[""двуспальная кровать""]","[""double""]","[{""bed"": ""double"", ""count"": 1}]",2,2331.00,2400.00,https://ostrovok.ru/hotel/russia/western_siberia_irkutsk_oblast_multi/mid9993445/apartamentyi_v_irkutske
hotel_barguzin,10012829,Номер Standard,3202,2,1,,,"[""nobedding""]",,1,9895.00,10000.00,https://ostrovok.ru/hotel/russia/western_siberia_irkutsk_oblast_multi/mid10012829/hotel_barguzin
nebo_baykala_guest_house,10006764,Двухместный номер Standard рядом с пляжем (общая ванная комната) (2 отдельные кровати),3201402000V,2,2,2 отдельные кровати,"[""2 отдельные кровати""]","[""twin""]","[{""bed"": ""single"", ""count"": 2}]",2,3463.00,3500.00,https://ostrovok.ru/hotel/russia/western_siberia_irkutsk_oblast_multi/mid10006764/nebo_baykala_guest_house
nebo_baykala_guest_house,10006764,Двухместный номер Superior с балконом (двуспальная кровать),3502302001,2,1,двуспальная кровать,"[""двуспальная кровать""]","[""double""]","[{""bed"": ""double"", ""count"": 1}]",2,3958.00,4000.00,https://ostrovok.ru/hotel/russia/western_siberia_irkutsk_oblast_multi/mid10006764/nebo_baykala_guest_house
nebo_baykala_guest_house,10006764,Номер Comfort,3302,2,1,,,"[""nobedding""]",,1,4947.00,5000.00,https://ostrovok.ru/hotel/russia/western_siberia_irkutsk_oblast_multi/mid10006764/nebo_baykala_guest_house
gostevoj_dom_na_zvezdinskoj,6827039,Двухместный номер Standard (2 отдельные кровати) (тип кровати может измениться),3202402,2,15,2 отдельные кровати,"[""2 отдельные кровати""]","[""twin""]","[{""bed"": ""single"", ""count"": 2}]",2,3362.00,3400.00,https://ostrovok.ru/hotel/russia/western_siberia_irkutsk_oblast_multi/mid6827039/gostevoj_dom_na_zvezdinskoj
gostevoj_dom_na_zvezdinskoj,6827039,Двухместный номер Standard (двуспальная кровать) (тип кровати может измениться),3202302,2,15,двуспальная кровать,"[""двуспальная кровать""]","[""double""]","[{""bed"": ""double"", ""count"": 1}]",2,3362.00,3400.00,https://ostrovok.ru/hotel/russia/western_siberia_irkutsk_oblast_multi/mid6827039/gostevoj_dom_na_zvezdinskoj
gostevoj_dom_na_zvezdinskoj,6827039,Трёхместный номер Standard,3202003,2,5,,,"[""nobedding""]",,3,4449.00,4500.00,https://ostrovok.ru/hotel/russia/western_siberia_irkutsk_oblast_multi/mid6827039/gostevoj_dom_na_zvezdinskoj
baikal_forest_hotel,9825031,Двухместный полулюкс (двуспальная кровать),4002302,2,0,двуспальная кровать,"[""двуспальная кровать""]","[""double""]","[{""bed"": ""double"", ""count"": 1}]",2,10896.00,11774.00,https://ostrovok.ru/hotel/russia/western_siberia_irkutsk_oblast_multi/mid9825031/baikal_forest_hotel
baikal_forest_hotel,9825031,Двухместный полулюкс плюс (двуспальная кровать и диван),4B02302,6,2,двуспальная кровать и диван,"[""двуспальная кровать"", ""диван""]","[""double""]","[{""bed"": ""double"", ""count"": 1}]",3,11450.00,13400.00,https://ostrovok.ru/hotel/russia/western_siberia_irkutsk_oblast_multi/mid9825031/baikal_forest_hotel
baikal_forest_hotel,9825031,Двухместный Luxe (2 отдельные кровати),5002402,4,2,2 отдельные кровати,"[""2 отдельные кровати""]","[""twin""]","[{""bed"": ""single"", ""count"": 2}]",2,13297.00,15400.00,https://ostrovok.ru/hotel/russia/western_siberia_irkutsk_oblast_multi/mid9825031/baikal_forest_hotel
baikal_forest_hotel,9825031,Двухместный Luxe (двуспальная кровать),5002302,4,2,двуспальная кровать,"[""двуспальная кровать""]","[""double""]","[{""bed"": ""double"", ""count"": 1}]",2,13297.00,15400.00,https://ostrovok.ru/hotel/russia/western_siberia_irkutsk_oblast_multi/mid9825031/baikal_forest_hotel
atlas_hotel_3,7883850,Двухместный номер Комфoрт (двуспальная кровать),3302302,2,2,двуспальная кровать,"[""двуспальная кровать""]","[""double""]","[{""bed"": ""double"", ""count"": 1}]",2,5796.00,5796.00,https://ostrovok.ru/hotel/russia/western_siberia_irkutsk_oblast_multi/mid7883850/atlas_hotel_3
atlas_hotel_3,7883850,"Джуниор Сюит с сауной (с сауной, джакузи)",4802,3,1,,,"[""nobedding""]",,1,8694.00,9660.00,https://ostrovok.ru/hotel/russia/western_siberia_irkutsk_oblast_multi/mid7883850/atlas_hotel_3
taiga_2,6923154,Двухместный номер Standard с видом на город (двуспальная кровать),32023020005,2,4,двуспальная кровать,"[""двуспальная кровать""]","[""double""]","[{""bed"": ""double"", ""count"": 1}]",2,5558.00,6500.00,https://ostrovok.ru/hotel/russia/western_siberia_irkutsk_oblast_multi/mid6923154/taiga_2
taiga_2,6923154,Номер Superior с видом на город,35020000005,2,13,,,"[""nobedding""]",,1,6692.00,7635.00,https://ostrovok.ru/hotel/russia/western_siberia_irkutsk_oblast_multi/mid6923154/taiga_2
international_hotel_sayen,7384846,Двухместный номер Делюкс (двуспальная кровать),3602302,2,1,двуспальная кровать,"[""двуспальная кровать""]","[""double""]","[{""bed"": ""double"", ""count"": 1}]",2,20400.00,20400.00,https://ostrovok.ru/hotel/russia/western_siberia_irkutsk_oblast_multi/mid7384846/international_hotel_sayen
international_hotel_sayen,7384846,Двухместный номер Делюкс Бизнес с террасой (двуспальная кровать) (терраса),3502302,2,1,двуспальная кровать,"[""двуспальная кровать""]","[""double""]","[{""bed"": ""double"", ""count"": 1}]",2,22200.00,22200.00,https://ostrovok.ru/hotel/russia/western_siberia_irkutsk_oblast_multi/mid7384846/international_hotel_sayen
international_hotel_sayen,7384846,Двухместный номер Делюкс Бизнес (двуспальная кровать),3402302,2,2,двуспальная кровать,"[""двуспальная кровать""]","[""double""]","[{""bed"": ""double"", ""count"": 1}]",2,22200.00,22200.00,https://ostrovok.ru/hotel/russia/western_siberia_irkutsk_oblast_multi/mid7384846/international_hotel_sayen
international_hotel_sayen,7384846,Двухместная студия (двуспальная кровать),7002302,2,4,двуспальная кровать,"[""двуспальная кровать""]","[""double""]","[{""bed"": ""double"", ""count"": 1}]",2,23700.00,23700.00,https://ostrovok.ru/hotel/russia/western_siberia_irkutsk_oblast_multi/mid7384846/international_hotel_sayen
international_hotel_sayen,7384846,Двухместный люкс (двуспальная кровать),5002302,2,2,двуспальная кровать,"[""двуспальная кровать""]","[""double""]","[{""bed"": ""double"", ""count"": 1}]",2,31400.00,31400.00,https://ostrovok.ru/hotel/russia/western_siberia_irkutsk_oblast_multi/mid7384846/international_hotel_sayen
international_hotel_sayen,7384846,Четырёхместный номер Семейный с 2 комнатами,3E0200402,2,2,,,"[""nobedding""]",,4,41000.00,41000.00,https://ostrovok.ru/hotel/russia/western_siberia_irkutsk_oblast_multi/mid7384846/international_hotel_sayen
international_hotel_sayen,7384846,Двухместные апартаменты (двуспальная кровать),6002302,2,1,двуспальная кровать,"[""двуспальная кровать""]","[""double""]","[{""bed"": ""double"", ""count"": 1}]",2,52000.00,52000.00,https://ostrovok.ru/hotel/russia/western_siberia_irkutsk_oblast_multi/mid7384846/international_hotel_sayen
hotel_aziyayevropa,13393268,Двухместный номер Standard (2 отдельные кровати),3202402,1,4,2 отдельные кровати,"[""2 отдельные кровати""]","[""twin""]","[{""bed"": ""single"", ""count"": 2}]",2,5100.00,5100.00,https://ostrovok.ru/hotel/russia/western_siberia_irkutsk_oblast_multi/mid13393268/hotel_aziyayevropa
hotel_aziyayevropa,13393268,Двухместный номер Superior (двуспальная кровать),3502302,1,3,двуспальная кровать,"[""двуспальная кровать""]","[""double""]","[{""bed"": ""double"", ""count"": 1}]",2,7043.00,7043.00,https://ostrovok.ru/hotel/russia/western_siberia_irkutsk_oblast_multi/mid13393268/hotel_aziyayevropa
hotel_aziyayevropa,13393268,Двухместный номер Superior (2 отдельные кровати),3502402,1,3,2 отдельные кровати,"[""2 отдельные кровати""]","[""twin""]","[{""bed"": ""single"", ""count"": 2}]",2,7043.00,7043.00,https://ostrovok.ru/hotel/russia/western_siberia_irkutsk_oblast_multi/mid13393268/hotel_aziyayevropa
baykal_khan_listvyanka,10360512,Двухместный номер Standard (2 отдельные кровати),3202402,1,8,2 отдельные кровати,"[""2 отдельные кровати""]","[""twin""]","[{""bed"": ""single"", ""count"": 2}]",2,8340.00,8340.00,https://ostrovok.ru/hotel/russia/western_siberia_irkutsk_oblast_multi/mid10360512/baykal_khan_listvyanka
baykal_khan_listvyanka,10360512,Двухместный номер Deluxe с балконом и с видом на озеро (двуспальная кровать),3602302001D,1,1,двуспальная кровать,"[""двуспальная кровать""]","[""double""]","[{""bed"": ""double"", ""count"": 1}]",2,9480.00,9480.00,https://ostrovok.ru/hotel/russia/western_siberia_irkutsk_oblast_multi/mid10360512/baykal_khan_listvyanka
baykal_khan_listvyanka,10360512,Трёхместный семейный номер Classic,3B02013,1,1,,,"[""nobedding""]",,3,10320.00,10320.00,https://ostrovok.ru/hotel/russia/western_siberia_irkutsk_oblast_multi/mid10360512/baykal_khan_listvyanka
baykal_khan_listvyanka,10360512,Трёхместный семейный номер Standard с балконом и с видом на озеро,3202013001D,1,4,,,"[""nobedding""]",,3,11100.00,11100.00,https://ostrovok.ru/hotel/russia/western_siberia_irkutsk_oblast_multi/mid10360512/baykal_khan_listvyanka
baykal_khan_listvyanka,10360512,Двухместный люкс Мансарда с балконом и с видом на озеро (двуспальная кровать),5002302001D4,1,1,двуспальная кровать,"[""двуспальная кровать""]","[""double""]","[{""bed"": ""double"", ""count"": 1}]",2,12600.00,12600.00,https://ostrovok.ru/hotel/russia/western_siberia_irkutsk_oblast_multi/mid10360512/baykal_khan_listvyanka
miniotel_medveditsa,10019685,Двухместный номер Standard с балконом (общая ванная комната) (двуспальная кровать),3201302001,2,3,двуспальная кровать,"[""двуспальная кровать""]","[""double""]","[{""bed"": ""double"", ""count"": 1}]",2,4660.00,4710.00,https://ostrovok.ru/hotel/russia/western_siberia_irkutsk_oblast_multi/mid10019685/miniotel_medveditsa
miniotel_medveditsa,10019685,Двухместный номер Standard с балконом (общая ванная комната) (2 отдельные кровати),3201402001,2,4,2 отдельные кровати,"[""2 отдельные кровати""]","[""twin""]","[{""bed"": ""single"", ""count"": 2}]",2,4660.00,4710.00,https://ostrovok.ru/hotel/russia/western_siberia_irkutsk_oblast_multi/mid10019685/miniotel_medveditsa
miniotel_medveditsa,10019685,Пятиместный люкс с балконом,5002005001,2,1,,,"[""nobedding""]",,1,7916.00,8000.00,https://ostrovok.ru/hotel/russia/western_siberia_irkutsk_oblast_multi/mid10019685/miniotel_medveditsa
dauria_hotel_2,7685971,Двухместный номер Standard (двуспальная кровать),3202302,1,4,двуспальная кровать,"[""двуспальная кровать""]","[""double""]","[{""bed"": ""double"", ""count"": 1}]",2,5500.00,5500.00,https://ostrovok.ru/hotel/russia/western_siberia_irkutsk_oblast_multi/mid7685971/dauria_hotel_2
dauria_hotel_2,7685971,Двухместный номер Standard (2 отдельные кровати),3202402,1,4,2 отдельные кровати,"[""2 отдельные кровати""]","[""twin""]","[{""bed"": ""single"", ""count"": 2}]",2,5500.00,5500.00,https://ostrovok.ru/hotel/russia/western_siberia_irkutsk_oblast_multi/mid7685971/dauria_hotel_2
dauria_hotel_2,7685971,Двухместный номер Superior (2 отдельные кровати),3502402,1,1,2 отдельные кровати,"[""2 отдельные кровати""]","[""twin""]","[{""bed"": ""single"", ""count"": 2}]",2,6500.00,6500.00,https://ostrovok.ru/hotel/russia/western_siberia_irkutsk_oblast_multi/mid7685971/dauria_hotel_2
dauria_hotel_2,7685971,Двухместный номер Superior (двуспальная кровать),3502302,1,1,двуспальная кровать,"[""двуспальная кровать""]","[""double""]","[{""bed"": ""double"", ""count"": 1}]",2,6500.00,6500.00,https://ostrovok.ru/hotel/russia/western_siberia_irkutsk_oblast_multi/mid7685971/dauria_hotel_2
dauria_hotel_2,7685971,Апартаменты,6002,2,1,,,"[""nobedding""]",,1,13000.00,13000.00,https://ostrovok.ru/hotel/russia/western_siberia_irkutsk_oblast_multi/mid7685971/dauria_hotel_2
irkutsk_city_lodge,7729360,Двухместный номер Economy (2 отдельные кровати) (без окна),3102402,2,1,2 отдельные кровати,"[""2 отдельные кровати""]","[""twin""]","[{""bed"": ""single"", ""count"": 2}]",2,3732.00,4230.00,https://ostrovok.ru/hotel/russia/western_siberia_irkutsk_oblast_multi/mid7729360/irkutsk_city_lodge
v_samom_tsentre_irkutska_minihotel,10664878,Двухместный номер Standard с видом на город (2 отдельные кровати) (терраса),32024020005,2,1,2 отдельные кровати,"[""2 отдельные кровати""]","[""twin""]","[{""bed"": ""single"", ""count"": 2}]",2,5400.00,5400.00,https://ostrovok.ru/hotel/russia/western_siberia_irkutsk_oblast_multi/mid10664878/v_samom_tsentre_irkutska_minihotel
v_samom_tsentre_irkutska_minihotel,10664878,Двухместный номер Standard с видом на город (двуспальная кровать) (терраса),32023020005,2,1,двуспальная кровать,"[""двуспальная кровать""]","[""double""]","[{""bed"": ""double"", ""count"": 1}]",2,5400.00,5400.00,https://ostrovok.ru/hotel/russia/western_siberia_irkutsk_oblast_multi/mid10664878/v_samom_tsentre_irkutska_minihotel
v_samom_tsentre_irkutska_minihotel,10664878,Четырёхместный номер Economy с видом на город (терраса),31020040005,2,1,,,"[""nobedding""]",,4,5640.00,5640.00,https://ostrovok.ru/hotel/russia/western_siberia_irkutsk_oblast_multi/mid10664878/v_samom_tsentre_irkutska_minihotel
parus_18,9996236,Двухместный номер Standard (2 отдельные кровати),3202402,1,1,2 отдельные кровати,"[""2 отдельные кровати""]","[""twin""]","[{""bed"": ""single"", ""count"": 2}]",2,6029.00,6029.00,https://ostrovok.ru/hotel/russia/western_siberia_irkutsk_oblast_multi/mid9996236/parus_18
parus_18,9996236,Двухместный номер Classic (двуспальная кровать) (тип кровати может измениться),3B02302,1,1,двуспальная кровать,"[""двуспальная кровать""]","[""double""]","[{""bed"": ""double"", ""count"": 1}]",2,6321.00,6321.00,https://ostrovok.ru/hotel/russia/western_siberia_irkutsk_oblast_multi/mid9996236/parus_18
parus_18,9996236,Двухместный номер Classic (2 отдельные кровати) (тип кровати может измениться),3B02402,1,1,2 отдельные кровати,"[""2 отдельные кровати""]","[""twin""]","[{""bed"": ""single"", ""count"": 2}]",2,6321.00,6321.00,https://ostrovok.ru/hotel/russia/western_siberia_irkutsk_oblast_multi/mid9996236/parus_18
parus_18,9996236,Трёхместный номер Superior,3502003,1,1,,,"[""nobedding""]",,3,8850.00,8850.00,https://ostrovok.ru/hotel/russia/western_siberia_irkutsk_oblast_multi/mid9996236/parus_18
parus_18,9996236,Четырёхместный номер Standard с 2 комнатами с красивым видом из окна,3202004020U,1,1,,,"[""nobedding""]",,4,11475.00,11475.00,https://ostrovok.ru/hotel/russia/western_siberia_irkutsk_oblast_multi/mid9996236/parus_18
baykal_guest_house_3,13308043,Номер Standard с 3 комнатами с видом на озеро,3202000030D,2,2,,,"[""nobedding""]",,1,2770.00,2800.00,https://ostrovok.ru/hotel/russia/western_siberia_irkutsk_oblast_multi/mid13308043/baykal_guest_house_3
baykal_guest_house_3,13308043,Двухместный номер Standard (2 отдельные кровати),3202402,2,1,2 отдельные кровати,"[""2 отдельные кровати""]","[""twin""]","[{""bed"": ""single"", ""count"": 2}]",2,2770.00,2800.00,https://ostrovok.ru/hotel/russia/western_siberia_irkutsk_oblast_multi/mid13308043/baykal_guest_house_3
baykal_guest_house_3,13308043,Семейный номер Classic с видом на озеро,3B02010000D,2,2,,,"[""nobedding""]",,3,2770.00,2800.00,https://ostrovok.ru/hotel/russia/western_siberia_irkutsk_oblast_multi/mid13308043/baykal_guest_house_3
baykal_guest_house_3,13308043,Кровать в общем номере с видом на внутренний двор (общая ванная комната) (4 кровати),10010000006,2,3,,,"[""nobedding""]",,1,2968.00,3000.00,https://ostrovok.ru/hotel/russia/western_siberia_irkutsk_oblast_multi/mid13308043/baykal_guest_house_3
mihail_strogov,8469949,Студия с видом на город,70020000005,2,2,,,"[""nobedding""]",,1,7500.00,7500.00,https://ostrovok.ru/hotel/russia/western_siberia_irkutsk_oblast_multi/mid8469949/mihail_strogov
olkhon_house_guest_family_house,11278129,,,0,,,,,,,,,https://ostrovok.ru/hotel/russia/western_siberia_irkutsk_oblast_multi/mid11278129/olkhon_house_guest_family_house
alpari,7776573,Двухместный номер Standard с видом на город (двуспальная кровать),32023020005,1,2,двуспальная кровать,"[""двуспальная кровать""]","[""double""]","[{""bed"": ""double"", ""count"": 1}]",2,2400.00,2400.00,https://ostrovok.ru/hotel/russia/western_siberia_irkutsk_oblast_multi/mid7776573/alpari
alpari,7776573,Двухместный номер Standard с видом на город (2 отдельные кровати),32024020005,1,1,2 отдельные кровати,"[""2 отдельные кровати""]","[""twin""]","[{""bed"": ""single"", ""count"": 2}]",2,2400.00,2400.00,https://ostrovok.ru/hotel/russia/western_siberia_irkutsk_oblast_multi/mid7776573/alpari
alpari,7776573,Двухместный полулюкс с видом на город (двуспальная кровать),40023020005,1,1,двуспальная кровать,"[""двуспальная кровать""]","[""double""]","[{""bed"": ""double"", ""count"": 1}]",2,4000.00,4000.00,https://ostrovok.ru/hotel/russia/western_siberia_irkutsk_oblast_multi/mid7776573/alpari
hotel_soyuz_2,8662950,Двухместный номер Standard (2 отдельные кровати),3202402,1,6,2 отдельные кровати,"[""2 отдельные кровати""]","[""twin""]","[{""bed"": ""single"", ""count"": 2}]",2,5600.00,5600.00,https://ostrovok.ru/hotel/russia/western_siberia_irkutsk_oblast_multi/mid8662950/hotel_soyuz_2
hotel_soyuz_2,8662950,Двухместный номер Standard (двуспальная кровать),3202302,1,2,двуспальная кровать,"[""двуспальная кровать""]","[""double""]","[{""bed"": ""double"", ""count"": 1}]",2,5600.00,5600.00,https://ostrovok.ru/hotel/russia/western_siberia_irkutsk_oblast_multi/mid8662950/hotel_soyuz_2
hotel_soyuz_2,8662950,Двухместный номер Superior (2 отдельные кровати),3502402,1,6,2 отдельные кровати,"[""2 отдельные кровати""]","[""twin""]","[{""bed"": ""single"", ""count"": 2}]",2,6600.00,6600.00,https://ostrovok.ru/hotel/russia/western_siberia_irkutsk_oblast_multi/mid8662950/hotel_soyuz_2
hotel_soyuz_2,8662950,Двухместный номер Superior (двуспальная кровать),3502302,1,3,двуспальная кровать,"[""двуспальная кровать""]","[""double""]","[{""bed"": ""double"", ""count"": 1}]",2,6600.00,6600.00,https://ostrovok.ru/hotel/russia/western_siberia_irkutsk_oblast_multi/mid8662950/hotel_soyuz_2
hotel_soyuz_2,8662950,Двухместный полулюкс (двуспальная кровать),4002302,1,4,двуспальная кровать,"[""двуспальная кровать""]","[""double""]","[{""bed"": ""double"", ""count"": 1}]",2,8200.00,8200.00,https://ostrovok.ru/hotel/russia/western_siberia_irkutsk_oblast_multi/mid8662950/hotel_soyuz_2
hotel_soyuz_2,8662950,Двухместный полулюкс (2 отдельные кровати),4002402,1,7,2 отдельные кровати,"[""2 отдельные кровати""]","[""twin""]","[{""bed"": ""single"", ""count"": 2}]",2,8200.00,8200.00,https://ostrovok.ru/hotel/russia/western_siberia_irkutsk_oblast_multi/mid8662950/hotel_soyuz_2
hotel_soyuz_2,8662950,Двухместный люкс (2 отдельные кровати),5002402,1,4,2 отдельные кровати,"[""2 отдельные кровати""]","[""twin""]","[{""bed"": ""single"", ""count"": 2}]",2,9300.00,9300.00,https://ostrovok.ru/hotel/russia/western_siberia_irkutsk_oblast_multi/mid8662950/hotel_soyuz_2
hotel_soyuz_2,8662950,Двухместный люкс (двуспальная кровать),5002302,1,6,двуспальная кровать,"[""двуспальная кровать""]","[""double""]","[{""bed"": ""double"", ""count"": 1}]",2,9300.00,9300.00,https://ostrovok.ru/hotel/russia/western_siberia_irkutsk_oblast_multi/mid8662950/hotel_soyuz_2
baikalskie_prostory,8476361,Двухместный номер Superior (2 отдельные кровати),3502402,1,1,2 отдельные кровати,"[""2 отдельные кровати""]","[""twin""]","[{""bed"": ""single"", ""count"": 2}]",2,3500.00,3500.00,https://ostrovok.ru/hotel/russia/western_siberia_irkutsk_oblast_multi/mid8476361/baikalskie_prostory
baikalskie_prostory,8476361,Двухместный номер Standard (двуспальная кровать),3202302,1,1,двуспальная кровать,"[""двуспальная кровать""]","[""double""]","[{""bed"": ""double"", ""count"": 1}]",2,3500.00,3500.00,https://ostrovok.ru/hotel/russia/western_siberia_irkutsk_oblast_multi/mid8476361/baikalskie_prostory
baikalskie_prostory,8476361,Двухместный номер Deluxe с видом на озеро (двуспальная кровать),3602302000D,1,2,двуспальная кровать,"[""двуспальная кровать""]","[""double""]","[{""bed"": ""double"", ""count"": 1}]",2,3500.00,3500.00,https://ostrovok.ru/hotel/russia/western_siberia_irkutsk_oblast_multi/mid8476361/baikalskie_prostory
baikalskie_prostory,8476361,Семейный номер Standard (общая ванная комната),320101,1,1,,,"[""nobedding""]",,3,5000.00,5000.00,https://ostrovok.ru/hotel/russia/western_siberia_irkutsk_oblast_multi/mid8476361/baikalskie_prostory
rus_hotel_irkutsk,7774831,Одноместный номер Standard (односпальная кровать),3202201,1,8,односпальная кровать,"[""односпальная кровать""]","[""nobedding""]","[{""bed"": ""single"", ""count"": 1}]",1,4100.00,4100.00,https://ostrovok.ru/hotel/russia/western_siberia_irkutsk_oblast_multi/mid7774831/rus_hotel_irkutsk
rus_hotel_irkutsk,7774831,Двухместный номер Standard (2 отдельные кровати),3202402,2,10,2 отдельные кровати,"[""2 отдельные кровати""]","[""twin""]","[{""bed"": ""single"", ""count"": 2}]",2,4124.00,4500.00,https://ostrovok.ru/hotel/russia/western_siberia_irkutsk_oblast_multi/mid7774831/rus_hotel_irkutsk
rus_hotel_irkutsk,7774831,Двухместный номер Standard (двуспальная кровать),3202302,1,10,двуспальная кровать,"[""двуспальная кровать""]","[""double""]","[{""bed"": ""double"", ""count"": 1}]",2,4500.00,4500.00,https://ostrovok.ru/hotel/russia/western_siberia_irkutsk_oblast_multi/mid7774831/rus_hotel_irkutsk
yakovlev_hotel,8742012,Двухместный номер Standard (двуспальная кровать),3202302,3,3,двуспальная кровать,"[""двуспальная кровать""]","[""double""]","[{""bed"": ""double"", ""count"": 1}]",2,4178.00,5875.00,https://ostrovok.ru/hotel/russia/western_siberia_irkutsk_oblast_multi/mid8742012/yakovlev_hotel
yakovlev_hotel,8742012,Двухместный номер Standard (2 отдельные кровати),3202402,3,5,2 отдельные кровати,"[""2 отдельные кровати""]","[""twin""]","[{""bed"": ""single"", ""count"": 2}]",2,4178.00,5875.00,https://ostrovok.ru/hotel/russia/western_siberia_irkutsk_oblast_multi/mid8742012/yakovlev_hotel
solnechny_guest_house_7,13112614,,,0,,,,,,,,,https://ostrovok.ru/hotel/russia/western_siberia_irkutsk_oblast_multi/mid13112614/solnechny_guest_house_7
best_eastern_hotel_zvezda,7806155,Двухместный номер Стандартный с видом на лес (двуспальная кровать),3202302000E,1,3,двуспальная кровать,"[""двуспальная кровать""]","[""double""]","[{""bed"": ""double"", ""count"": 1}]",2,9000.00,9000.00,https://ostrovok.ru/hotel/russia/western_siberia_irkutsk_oblast_multi/mid7806155/best_eastern_hotel_zvezda
best_eastern_hotel_zvezda,7806155,Двухместный номер Стандартный (2 отдельные кровати),3202402,1,3,2 отдельные кровати,"[""2 отдельные кровати""]","[""twin""]","[{""bed"": ""single"", ""count"": 2}]",2,9000.00,9000.00,https://ostrovok.ru/hotel/russia/western_siberia_irkutsk_oblast_multi/mid7806155/best_eastern_hotel_zvezda
best_eastern_hotel_zvezda,7806155,Двухместный номер Стандартный (двуспальная кровать),3202302,1,3,двуспальная кровать,"[""двуспальная кровать""]","[""double""]","[{""bed"": ""double"", ""count"": 1}]",2,9000.00,9000.00,https://ostrovok.ru/hotel/russia/western_siberia_irkutsk_oblast_multi/mid7806155/best_eastern_hotel_zvezda
best_eastern_hotel_zvezda,7806155,Двухместный Джуниор Сюит (двуспальная кровать),4002302,1,3,двуспальная кровать,"[""двуспальная кровать""]","[""double""]","[{""bed"": ""double"", ""count"": 1}]",2,16500.00,16500.00,https://ostrovok.ru/hotel/russia/western_siberia_irkutsk_oblast_multi/mid7806155/best_eastern_hotel_zvezda
best_eastern_hotel_zvezda,7806155,Двухместный люкс (двуспальная кровать),5002302,1,4,двуспальная кровать,"[""двуспальная кровать""]","[""double""]","[{""bed"": ""double"", ""count"": 1}]",2,24500.00,24500.00,https://ostrovok.ru/hotel/russia/western_siberia_irkutsk_oblast_multi/mid7806155/best_eastern_hotel_zvezda
otel_tsentral,8748836,Двухместный номер Дизайнерский ретро (двуспальная кровать),3B02302,1,1,двуспальная кровать,"[""двуспальная кровать""]","[""double""]","[{""bed"": ""double"", ""count"": 1}]",2,8000.00,8000.00,https://ostrovok.ru/hotel/russia/western_siberia_irkutsk_oblast_multi/mid8748836/otel_tsentral
otel_tsentral,8748836,Двухместный номер Superior (двуспальная кровать),3502302,1,4,двуспальная кровать,"[""двуспальная кровать""]","[""double""]","[{""bed"": ""double"", ""count"": 1}]",2,9900.00,9900.00,https://ostrovok.ru/hotel/russia/western_siberia_irkutsk_oblast_multi/mid8748836/otel_tsentral
otel_tsentral,8748836,Двухместный номер Superior (2 отдельные кровати),3502402,1,4,2 отдельные кровати,"[""2 отдельные кровати""]","[""twin""]","[{""bed"": ""single"", ""count"": 2}]",2,9900.00,9900.00,https://ostrovok.ru/hotel/russia/western_siberia_irkutsk_oblast_multi/mid8748836/otel_tsentral
otel_tsentral,8748836,Двухместный номер Standard (2 отдельные кровати) (тип кровати может измениться),3202402,1,3,2 отдельные кровати,"[""2 отдельные кровати""]","[""twin""]","[{""bed"": ""single"", ""count"": 2}]",2,10000.00,10000.00,https://ostrovok.ru/hotel/russia/western_siberia_irkutsk_oblast_multi/mid8748836/otel_tsentral
otel_tsentral,8748836,Двухместный номер Standard (двуспальная кровать) (тип кровати может измениться),3202302,1,3,двуспальная кровать,"[""двуспальная кровать""]","[""double""]","[{""bed"": ""double"", ""count"": 1}]",2,10000.00,10000.00,https://ostrovok.ru/hotel/russia/western_siberia_irkutsk_oblast_multi/mid8748836/otel_tsentral
otel_tsentral,8748836,Двухместный люкс (двуспальная кровать),5002302,1,1,двуспальная кровать,"[""двуспальная кровать""]","[""double""]","[{""bed"": ""double"", ""count"": 1}]",2,15000.00,15000.00,https://ostrovok.ru/hotel/russia/western_siberia_irkutsk_oblast_multi/mid8748836/otel_tsentral
otel_tsentral,8748836,Двухместный люкс (2 отдельные кровати),5002402,1,1,2 отдельные кровати,"[""2 отдельные кровати""]","[""twin""]","[{""bed"": ""single"", ""count"": 2}]",2,15000.00,15000.00,https://ostrovok.ru/hotel/russia/western_siberia_irkutsk_oblast_multi/mid8748836/otel_tsentral
lenatour,8752255,Двухместный номер Standard (общая ванная комната) (двуспальная кровать),3201302,2,3,двуспальная кровать,"[""двуспальная кровать""]","[""double""]","[{""bed"": ""double"", ""count"": 1}]",2,3100.00,3404.00,https://ostrovok.ru/hotel/russia/western_siberia_irkutsk_oblast_multi/mid8752255/lenatour
lenatour,8752255,Двухместный номер Standard (общая ванная комната) (2 отдельные кровати),3201402,2,1,2 отдельные кровати,"[""2 отдельные кровати""]","[""twin""]","[{""bed"": ""single"", ""count"": 2}]",2,4000.00,4392.00,https://ostrovok.ru/hotel/russia/western_siberia_irkutsk_oblast_multi/mid8752255/lenatour
lenatour,8752255,Трёхместный номер Standard (общая ванная комната),3201003,2,2,,,"[""nobedding""]",,3,6000.00,6588.00,https://ostrovok.ru/hotel/russia/western_siberia_irkutsk_oblast_multi/mid8752255/lenatour
lenatour,8752255,Четырёхместный номер Standard (общая ванная комната),3201004,2,1,,,"[""nobedding""]",,4,8000.00,8785.00,https://ostrovok.ru/hotel/russia/western_siberia_irkutsk_oblast_multi/mid8752255/lenatour
evropa_hotel,7828771,Одноместный номер Superior,3502001,3,4,,,"[""nobedding""]",,1,8500.00,10700.00,https://ostrovok.ru/hotel/russia/western_siberia_irkutsk_oblast_multi/mid7828771/evropa_hotel
evropa_hotel,7828771,Двухместный номер Comfort (двуспальная кровать),3302302,3,1,двуспальная кровать,"[""двуспальная кровать""]","[""double""]","[{""bed"": ""double"", ""count"": 1}]",2,11700.00,13900.00,https://ostrovok.ru/hotel/russia/western_siberia_irkutsk_oblast_multi/mid7828771/evropa_hotel
evropa_hotel,7828771,Двухместный Джуниор сьют (двуспальная кровать),4002302,3,1,двуспальная кровать,"[""двуспальная кровать""]","[""double""]","[{""bed"": ""double"", ""count"": 1}]",2,12700.00,14900.00,https://ostrovok.ru/hotel/russia/western_siberia_irkutsk_oblast_multi/mid7828771/evropa_hotel
nochleg_i_zavtrak_bb_shambala,10012287,Двухместный номер Standard с видом на озеро (2 отдельные кровати) (тип кровати может измениться),3202402000D,2,4,2 отдельные кровати,"[""2 отдельные кровати""]","[""twin""]","[{""bed"": ""single"", ""count"": 2}]",2,14000.00,14831.00,https://ostrovok.ru/hotel/russia/western_siberia_irkutsk_oblast_multi/mid10012287/nochleg_i_zavtrak_bb_shambala
alaniya,10003444,Двухместный номер Standard (двуспальная кровать),3202302,1,5,двуспальная кровать,"[""двуспальная кровать""]","[""double""]","[{""bed"": ""double"", ""count"": 1}]",2,4000.00,4000.00,https://ostrovok.ru/hotel/russia/western_siberia_irkutsk_oblast_multi/mid10003444/alaniya
alaniya,10003444,Трёхместный номер Standard,3202003,1,5,,,"[""nobedding""]",,3,5000.00,5000.00,https://ostrovok.ru/hotel/russia/western_siberia_irkutsk_oblast_multi/mid10003444/alaniya
alaniya,10003444,Четырёхместный номер Standard,3202004,1,2,,,"[""nobedding""]",,4,7000.00,7000.00,https://ostrovok.ru/hotel/russia/western_siberia_irkutsk_oblast_multi/mid10003444/alaniya
legend_of_baikal,7776712,Двухместный номер Standard (2 отдельные кровати),3202402,1,5,2 отдельные кровати,"[""2 отдельные кровати""]","[""twin""]","[{""bed"": ""single"", ""count"": 2}]",2,8750.00,8750.00,https://ostrovok.ru/hotel/russia/western_siberia_irkutsk_oblast_multi/mid7776712/legend_of_baikal
legend_of_baikal,7776712,Двухместный номер Superior с балконом и с видом на море (двуспальная кровать),3502302001O,1,2,двуспальная кровать,"[""двуспальная кровать""]","[""double""]","[{""bed"": ""double"", ""count"": 1}]",2,10625.00,10625.00,https://ostrovok.ru/hotel/russia/western_siberia_irkutsk_oblast_multi/mid7776712/legend_of_baikal
legend_of_baikal,7776712,Двухместный номер Superior с балконом и с видом на море (2 отдельные кровати),3502402001O,1,2,2 отдельные кровати,"[""2 отдельные кровати""]","[""twin""]","[{""bed"": ""single"", ""count"": 2}]",2,10625.00,10625.00,https://ostrovok.ru/hotel/russia/western_siberia_irkutsk_oblast_multi/mid7776712/legend_of_baikal
legend_of_baikal,7776712,Двухместный номер Standard (двуспальная кровать),3202302,1,2,двуспальная кровать,"[""двуспальная кровать""]","[""double""]","[{""bed"": ""double"", ""count"": 1}]",2,10625.00,10625.00,https://ostrovok.ru/hotel/russia/western_siberia_irkutsk_oblast_multi/mid7776712/legend_of_baikal
legend_of_baikal,7776712,Студия с балконом и с красивым видом из окна,7002000001U,1,1,,,"[""nobedding""]",,1,13125.00,13125.00,https://ostrovok.ru/hotel/russia/western_siberia_irkutsk_oblast_multi/mid7776712/legend_of_baikal
legend_of_baikal,7776712,Двухместный люкс с балконом и с видом на море (двуспальная кровать),5002302001O,1,2,двуспальная кровать,"[""двуспальная кровать""]","[""double""]","[{""bed"": ""double"", ""count"": 1}]",2,15000.00,15000.00,https://ostrovok.ru/hotel/russia/western_siberia_irkutsk_oblast_multi/mid7776712/legend_of_baikal
hotel_kosmos_5,10212636,Шестиместные апартаменты,6002006,1,2,,,"[""nobedding""]",,1,3675.00,3675.00,https://ostrovok.ru/hotel/russia/western_siberia_irkutsk_oblast_multi/mid10212636/hotel_kosmos_5
hotel_rodina_grand_hotel_spa_irkutsk_5,11200427,Двухместный Лофт Superior с видом на город (2 отдельные кровати),B5024020005,1,1,2 отдельные кровати,"[""2 отдельные кровати""]","[""twin""]","[{""bed"": ""single"", ""count"": 2}]",2,46000.00,46000.00,https://ostrovok.ru/hotel/russia/western_siberia_irkutsk_oblast_multi/mid11200427/hotel_rodina_grand_hotel_spa_irkutsk_5
hotel_rodina_grand_hotel_spa_irkutsk_5,11200427,Двухместный Nordic Superior с красивым видом из окна (двуспальная кровать),8502302000U,1,4,двуспальная кровать,"[""двуспальная кровать""]","[""double""]","[{""bed"": ""double"", ""count"": 1}]",2,46000.00,46000.00,https://ostrovok.ru/hotel/russia/western_siberia_irkutsk_oblast_multi/mid11200427/hotel_rodina_grand_hotel_spa_irkutsk_5
hotel_rodina_grand_hotel_spa_irkutsk_5,11200427,Двухместный Modern Superior (двуспальная кровать) (кровать king size),A502302,1,7,двуспальная кровать,"[""двуспальная кровать""]","[""double""]","[{""bed"": ""double"", ""count"": 1}]",2,46000.00,46000.00,https://ostrovok.ru/hotel/russia/western_siberia_irkutsk_oblast_multi/mid11200427/hotel_rodina_grand_hotel_spa_irkutsk_5
hotel_rodina_grand_hotel_spa_irkutsk_5,11200427,Двухместный Classic Superior с красивым видом из окна (двуспальная кровать),9502302000U,1,9,двуспальная кровать,"[""двуспальная кровать""]","[""double""]","[{""bed"": ""double"", ""count"": 1}]",2,46000.00,46000.00,https://ostrovok.ru/hotel/russia/western_siberia_irkutsk_oblast_multi/mid11200427/hotel_rodina_grand_hotel_spa_irkutsk_5
hotel_rodina_grand_hotel_spa_irkutsk_5,11200427,Двухместный Classic Superior с красивым видом из окна (2 отдельные кровати),9502402000U,1,9,2 отдельные кровати,"[""2 отдельные кровати""]","[""twin""]","[{""bed"": ""single"", ""count"": 2}]",2,46000.00,46000.00,https://ostrovok.ru/hotel/russia/western_siberia_irkutsk_oblast_multi/mid11200427/hotel_rodina_grand_hotel_spa_irkutsk_5
hotel_rodina_grand_hotel_spa_irkutsk_5,11200427,Двухместный Nordic Superior с красивым видом из окна (2 отдельные кровати),8502402000U,1,4,2 отдельные кровати,"[""2 отдельные кровати""]","[""twin""]","[{""bed"": ""single"", ""count"": 2}]",2,46000.00,46000.00,https://ostrovok.ru/hotel/russia/western_siberia_irkutsk_oblast_multi/mid11200427/hotel_rodina_grand_hotel_spa_irkutsk_5
hotel_rodina_grand_hotel_spa_irkutsk_5,11200427,Двухместный Лофт Superior с видом на город (двуспальная кровать),B5023020005,1,1,двуспальная кровать,"[""двуспальная кровать""]","[""double""]","[{""bed"": ""double"", ""count"": 1}]",2,46000.00,46000.00,https://ostrovok.ru/hotel/russia/western_siberia_irkutsk_oblast_multi/mid11200427/hotel_rodina_grand_hotel_spa_irkutsk_5
hotel_rodina_grand_hotel_spa_irkutsk_5,11200427,Двухместный Nordic Deluxe с красивым видом из окна (двуспальная кровать) (кровать king size),8602302000U,1,4,двуспальная кровать,"[""двуспальная кровать""]","[""double""]","[{""bed"": ""double"", ""count"": 1}]",2,50000.00,50000.00,https://ostrovok.ru/hotel/russia/western_siberia_irkutsk_oblast_multi/mid11200427/hotel_rodina_grand_hotel_spa_irkutsk_5
hotel_rodina_grand_hotel_spa_irkutsk_5,11200427,Двухместный Classic Deluxe с видом на город (2 отдельные кровати),96024020005,1,1,2 отдельные кровати,"[""2 отдельные кровати""]","[""twin""]","[{""bed"": ""single"", ""count"": 2}]",2,50000.00,50000.00,https://ostrovok.ru/hotel/russia/western_siberia_irkutsk_oblast_multi/mid11200427/hotel_rodina_grand_hotel_spa_irkutsk_5
hotel_rodina_grand_hotel_spa_irkutsk_5,11200427,Двухместный Classic Deluxe с видом на город (двуспальная кровать),96023020005,1,1,двуспальная кровать,"[""двуспальная кровать""]","[""double""]","[{""bed"": ""double"", ""count"": 1}]",2,50000.00,50000.00,https://ostrovok.ru/hotel/russia/western_siberia_irkutsk_oblast_multi/mid11200427/hotel_rodina_grand_hotel_spa_irkutsk_5
hotel_rodina_grand_hotel_spa_irkutsk_5,11200427,Двухместный Modern Deluxe с красивым видом из окна (двуспальная кровать) (кровать king size),A602302000U,1,3,двуспальная кровать,"[""двуспальная кровать""]","[""double""]","[{""bed"": ""double"", ""count"": 1}]",2,50000.00,50000.00,https://ostrovok.ru/hotel/russia/western_siberia_irkutsk_oblast_multi/mid11200427/hotel_rodina_grand_hotel_spa_irkutsk_5
hotel_rodina_grand_hotel_spa_irkutsk_5,11200427,Двухместный полулюкс с красивым видом из окна (двуспальная кровать),4002302000U,1,2,двуспальная кровать,"[""двуспальная кровать""]","[""double""]","[{""bed"": ""double"", ""count"": 1}]",2,62000.00,62000.00,https://ostrovok.ru/hotel/russia/western_siberia_irkutsk_oblast_multi/mid11200427/hotel_rodina_grand_hotel_spa_irkutsk_5
hotel_rodina_grand_hotel_spa_irkutsk_5,11200427,Двухместные апартаменты Авангард с красивым видом из окна (двуспальная кровать),6B02302000U,1,1,двуспальная кровать,"[""двуспальная кровать""]","[""double""]","[{""bed"": ""double"", ""count"": 1}]",2,77000.00,77000.00,https://ostrovok.ru/hotel/russia/western_siberia_irkutsk_oblast_multi/mid11200427/hotel_rodina_grand_hotel_spa_irkutsk_5
hotel_rodina_grand_hotel_spa_irkutsk_5,11200427,Двухместный люкс Presidential с красивым видом из окна (двуспальная кровать),5902302000U,1,1,двуспальная кровать,"[""двуспальная кровать""]","[""double""]","[{""bed"": ""double"", ""count"": 1}]",2,200000.00,200000.00,https://ostrovok.ru/hotel/russia/western_siberia_irkutsk_oblast_multi/mid11200427/hotel_rodina_grand_hotel_spa_irkutsk_5
green_hotel_,6518006,Двухместный номер Standard (двуспальная кровать),3202302,5,4,двуспальная кровать,"[""двуспальная кровать""]","[""double""]","[{""bed"": ""double"", ""count"": 1}]",2,3507.00,3950.00,https://ostrovok.ru/hotel/russia/western_siberia_irkutsk_oblast_multi/mid6518006/green_hotel_
green_hotel_,6518006,Кровать в общем номере (общая ванная комната),1001,4,3,,,"[""nobedding""]",,1,3507.00,3950.00,https://ostrovok.ru/hotel/russia/western_siberia_irkutsk_oblast_multi/mid6518006/green_hotel_
green_hotel_,6518006,Двухместный номер Standard с красивым видом из окна (2 отдельные кровати),3202402000U,2,3,2 отдельные кровати,"[""2 отдельные кровати""]","[""twin""]","[{""bed"": ""single"", ""count"": 2}]",2,3543.75,3750.00,https://ostrovok.ru/hotel/russia/western_siberia_irkutsk_oblast_multi/mid6518006/green_hotel_
green_hotel_,6518006,Одноместный номер Economy,3102001,4,1,,,"[""nobedding""]",,1,4723.00,5250.00,https://ostrovok.ru/hotel/russia/western_siberia_irkutsk_oblast_multi/mid6518006/green_hotel_
green_hotel_,6518006,Двухместный семейный номер Standard (двуспальная кровать и диван),3202312,2,1,двуспальная кровать и диван,"[""двуспальная кровать"", ""диван""]","[""double""]","[{""bed"": ""double"", ""count"": 1}]",3,4772.25,5050.00,https://ostrovok.ru/hotel/russia/western_siberia_irkutsk_oblast_multi/mid6518006/green_hotel_
green_hotel_,6518006,Двухместный полулюкс (двуспальная кровать),4002302,6,1,двуспальная кровать,"[""двуспальная кровать""]","[""double""]","[{""bed"": ""double"", ""count"": 1}]",2,5190.00,5750.00,https://ostrovok.ru/hotel/russia/western_siberia_irkutsk_oblast_multi/mid6518006/green_hotel_
green_hotel_,6518006,Двухместный люкс (двуспальная кровать),5002302,5,1,двуспальная кровать,"[""двуспальная кровать""]","[""double""]","[{""bed"": ""double"", ""count"": 1}]",2,5658.00,6250.00,https://ostrovok.ru/hotel/russia/western_siberia_irkutsk_oblast_multi/mid6518006/green_hotel_
history_boutiquehotel,9741097,Двухместный номер Комфорт с балконом (2 отдельные кровати),3302402001,1,2,2 отдельные кровати,"[""2 отдельные кровати""]","[""twin""]","[{""bed"": ""single"", ""count"": 2}]",2,27825.00,27825.00,https://ostrovok.ru/hotel/russia/western_siberia_irkutsk_oblast_multi/mid9741097/history_boutiquehotel
history_boutiquehotel,9741097,Двухместный номер Комфорт с балконом (двуспальная кровать),3302302001,1,2,двуспальная кровать,"[""двуспальная кровать""]","[""double""]","[{""bed"": ""double"", ""count"": 1}]",2,27825.00,27825.00,https://ostrovok.ru/hotel/russia/western_siberia_irkutsk_oblast_multi/mid9741097/history_boutiquehotel
history_boutiquehotel,9741097,Двухместный полулюкс Бизнес с балконом (двуспальная кровать) (кровать king size),4402302001,1,1,двуспальная кровать,"[""двуспальная кровать""]","[""double""]","[{""bed"": ""double"", ""count"": 1}]",2,32025.00,32025.00,https://ostrovok.ru/hotel/russia/western_siberia_irkutsk_oblast_multi/mid9741097/history_boutiquehotel
history_boutiquehotel,9741097,"Двухместный полулюкс Романтик с балконом (двуспальная кровать) (кровать king size, ванна)",4E02302001,1,2,двуспальная кровать,"[""двуспальная кровать""]","[""double""]","[{""bed"": ""double"", ""count"": 1}]",2,36225.00,36225.00,https://ostrovok.ru/hotel/russia/western_siberia_irkutsk_oblast_multi/mid9741097/history_boutiquehotel
dom_baykal_guest_house,10151922,Двухместный номер Standard с красивым видом из окна (2 отдельные кровати),3202402000U,1,5,2 отдельные кровати,"[""2 отдельные кровати""]","[""twin""]","[{""bed"": ""single"", ""count"": 2}]",2,3200.00,3200.00,https://ostrovok.ru/hotel/russia/western_siberia_irkutsk_oblast_multi/mid10151922/dom_baykal_guest_house
dom_baykal_guest_house,10151922,Четырёхместный семейный номер Deluxe с красивым видом из окна,3602014000U,1,2,,,"[""nobedding""]",,4,5200.00,5200.00,https://ostrovok.ru/hotel/russia/western_siberia_irkutsk_oblast_multi/mid10151922/dom_baykal_guest_house
dom_baykal_guest_house,10151922,Четырёхместный семейный номер Superior с видом на город,35020140005,1,1,,,"[""nobedding""]",,4,6000.00,6000.00,https://ostrovok.ru/hotel/russia/western_siberia_irkutsk_oblast_multi/mid10151922/dom_baykal_guest_house
wind_lake_guest_house,13437748,Номер Classic с красивым видом из окна,3B02000000U,1,4,,,"[""nobedding""]",,1,11340.00,11340.00,https://ostrovok.ru/hotel/russia/western_siberia_irkutsk_oblast_multi/mid13437748/wind_lake_guest_house
wind_lake_guest_house,13437748,Номер Standard с видом на город,32020000005,1,2,,,"[""nobedding""]",,1,11340.00,11340.00,https://ostrovok.ru/hotel/russia/western_siberia_irkutsk_oblast_multi/mid13437748/wind_lake_guest_house
wind_lake_guest_house,13437748,Номер Superior с видом на город,35020000005,1,5,,,"[""nobedding""]",,1,13890.00,13890.00,https://ostrovok.ru/hotel/russia/western_siberia_irkutsk_oblast_multi/mid13437748/wind_lake_guest_house
wind_lake_guest_house,13437748,Номер Standard с красивым видом из окна,3202000000U,1,3,,,"[""nobedding""]",,1,13890.00,13890.00,https://ostrovok.ru/hotel/russia/western_siberia_irkutsk_oblast_multi/mid13437748/wind_lake_guest_house
wind_lake_guest_house,13437748,Семейный номер Standard с 2 комнатами с видом на город,32020100205,1,2,,,"[""nobedding""]",,3,26490.00,26490.00,https://ostrovok.ru/hotel/russia/western_siberia_irkutsk_oblast_multi/mid13437748/wind_lake_guest_house
wind_lake_guest_house,13437748,Семейный номер Superior с 2 комнатами с видом на город,35020100205,1,3,,,"[""nobedding""]",,3,29040.00,29040.00,https://ostrovok.ru/hotel/russia/western_siberia_irkutsk_oblast_multi/mid13437748/wind_lake_guest_house
wind_lake_guest_house,13437748,Люкс с видом на озеро,5002000000D,1,2,,,"[""nobedding""]",,1,33240.00,33240.00,https://ostrovok.ru/hotel/russia/western_siberia_irkutsk_oblast_multi/mid13437748/wind_lake_guest_house
burduguz_hotel_2,7829252,,,0,,,,,,,,,https://ostrovok.ru/hotel/russia/western_siberia_irkutsk_oblast_multi/mid7829252/burduguz_hotel_2
amurskiy,9079548,Двухместный номер Standard с видом на город (двуспальная кровать),32023020005,1,1,двуспальная кровать,"[""двуспальная кровать""]","[""double""]","[{""bed"": ""double"", ""count"": 1}]",2,17900.00,17900.00,https://ostrovok.ru/hotel/russia/western_siberia_irkutsk_oblast_multi/mid9079548/amurskiy
amurskiy,9079548,Двухместный номер Superior с видом на город (2 отдельные кровати),35024020005,1,2,2 отдельные кровати,"[""2 отдельные кровати""]","[""twin""]","[{""bed"": ""single"", ""count"": 2}]",2,22000.00,22000.00,https://ostrovok.ru/hotel/russia/western_siberia_irkutsk_oblast_multi/mid9079548/amurskiy
armat_hotel,8755884,Двухместный номер Стандарт Эконом (Без окна) (2 отдельные кровати) (без окна),3102402,2,3,2 отдельные кровати,"[""2 отдельные кровати""]","[""twin""]","[{""bed"": ""single"", ""count"": 2}]",2,6700.00,7400.00,https://ostrovok.ru/hotel/russia/western_siberia_irkutsk_oblast_multi/mid8755884/armat_hotel
armat_hotel,8755884,Двухместный номер Стандарт Эконом (Без окна) (двуспальная кровать) (без окна),3102302,2,3,двуспальная кровать,"[""двуспальная кровать""]","[""double""]","[{""bed"": ""double"", ""count"": 1}]",2,6700.00,7400.00,https://ostrovok.ru/hotel/russia/western_siberia_irkutsk_oblast_multi/mid8755884/armat_hotel
armat_hotel,8755884,Двухместный номер Special 1-й категории (2 отдельные кровати),3B02402,2,1,2 отдельные кровати,"[""2 отдельные кровати""]","[""twin""]","[{""bed"": ""single"", ""count"": 2}]",2,7800.00,8500.00,https://ostrovok.ru/hotel/russia/western_siberia_irkutsk_oblast_multi/mid8755884/armat_hotel
armat_hotel,8755884,Двухместный номер Стандарт 1-й категории (2 отдельные кровати),3302402,2,18,2 отдельные кровати,"[""2 отдельные кровати""]","[""twin""]","[{""bed"": ""single"", ""count"": 2}]",2,7800.00,8500.00,https://ostrovok.ru/hotel/russia/western_siberia_irkutsk_oblast_multi/mid8755884/armat_hotel
armat_hotel,8755884,Двухместный номер Special 1-й категории (двуспальная кровать),3B02302,2,1,двуспальная кровать,"[""двуспальная кровать""]","[""double""]","[{""bed"": ""double"", ""count"": 1}]",2,7800.00,8500.00,https://ostrovok.ru/hotel/russia/western_siberia_irkutsk_oblast_multi/mid8755884/armat_hotel
armat_hotel,8755884,Двухместный номер Стандарт 1-й категории (двуспальная кровать),3302302,2,18,двуспальная кровать,"[""двуспальная кровать""]","[""double""]","[{""bed"": ""double"", ""count"": 1}]",2,7800.00,8500.00,https://ostrovok.ru/hotel/russia/western_siberia_irkutsk_oblast_multi/mid8755884/armat_hotel
armat_hotel,8755884,Двухместный полулюкс (2 отдельные кровати),4002402,2,3,2 отдельные кровати,"[""2 отдельные кровати""]","[""twin""]","[{""bed"": ""single"", ""count"": 2}]",2,8900.00,9600.00,https://ostrovok.ru/hotel/russia/western_siberia_irkutsk_oblast_multi/mid8755884/armat_hotel
armat_hotel,8755884,Двухместный полулюкс (двуспальная кровать),4002302,2,3,двуспальная кровать,"[""двуспальная кровать""]","[""double""]","[{""bed"": ""double"", ""count"": 1}]",2,8900.00,9600.00,https://ostrovok.ru/hotel/russia/western_siberia_irkutsk_oblast_multi/mid8755884/armat_hotel
armat_hotel,8755884,Двухместный люкс (2 отдельные кровати),5002402,1,1,2 отдельные кровати,"[""2 отдельные кровати""]","[""twin""]","[{""bed"": ""single"", ""count"": 2}]",2,13000.00,13000.00,https://ostrovok.ru/hotel/russia/western_siberia_irkutsk_oblast_multi/mid8755884/armat_hotel
armat_hotel,8755884,Двухместный люкс (двуспальная кровать),5002302,1,1,двуспальная кровать,"[""двуспальная кровать""]","[""double""]","[{""bed"": ""double"", ""count"": 1}]",2,13000.00,13000.00,https://ostrovok.ru/hotel/russia/western_siberia_irkutsk_oblast_multi/mid8755884/armat_hotel
hotel_dacha_baikaleco,10010618,,,0,,,,,,,,,https://ostrovok.ru/hotel/russia/western_siberia_irkutsk_oblast_multi/mid10010618/hotel_dacha_baikaleco
guesthouse_dudeevukh,10367494,,,0,,,,,,,,,https://ostrovok.ru/hotel/russia/western_siberia_irkutsk_oblast_multi/mid10367494/guesthouse_dudeevukh
krestovaya_pad_hotel,7784565,,,0,,,,,,,,,https://ostrovok.ru/hotel/russia/western_siberia_irkutsk_oblast_multi/mid7784565/krestovaya_pad_hotel
miniotel_gostinitsa_nerpenok,10125589,Двухместный номер Economy с красивым видом из окна (2 отдельные кровати),3102402000U,1,1,2 отдельные кровати,"[""2 отдельные кровати""]","[""twin""]","[{""bed"": ""single"", ""count"": 2}]",2,12000.00,12000.00,https://ostrovok.ru/hotel/russia/western_siberia_irkutsk_oblast_multi/mid10125589/miniotel_gostinitsa_nerpenok
miniotel_gostinitsa_nerpenok,10125589,Трёхместный номер Standard с красивым видом из окна,3202003000U,1,4,,,"[""nobedding""]",,3,12000.00,12000.00,https://ostrovok.ru/hotel/russia/western_siberia_irkutsk_oblast_multi/mid10125589/miniotel_gostinitsa_nerpenok
vesta_hotel_3,10669982,Двухместный номер Standard (2 отдельные кровати),3202402,1,2,2 отдельные кровати,"[""2 отдельные кровати""]","[""twin""]","[{""bed"": ""single"", ""count"": 2}]",2,3200.00,3200.00,https://ostrovok.ru/hotel/russia/western_siberia_irkutsk_oblast_multi/mid10669982/vesta_hotel_3
vesta_hotel_3,10669982,Двухместный люкс (двуспальная кровать),5002302,1,2,двуспальная кровать,"[""двуспальная кровать""]","[""double""]","[{""bed"": ""double"", ""count"": 1}]",2,4000.00,4000.00,https://ostrovok.ru/hotel/russia/western_siberia_irkutsk_oblast_multi/mid10669982/vesta_hotel_3
baykal_shale_guest_house,13431413,Двухместный номер Standard c 1 комнатой с красивым видом из окна (2 отдельные кровати),3202402010U,2,2,2 отдельные кровати,"[""2 отдельные кровати""]","[""twin""]","[{""bed"": ""single"", ""count"": 2}]",2,4500.00,5250.00,https://ostrovok.ru/hotel/russia/western_siberia_irkutsk_oblast_multi/mid13431413/baykal_shale_guest_house
baykal_shale_guest_house,13431413,Трёхместный номер Superior с балконом и с красивым видом из окна,3502003001U,2,2,,,"[""nobedding""]",,3,7500.00,8250.00,https://ostrovok.ru/hotel/russia/western_siberia_irkutsk_oblast_multi/mid13431413/baykal_shale_guest_house
gostinitsa_undina,9079103,,,0,,,,,,,,,https://ostrovok.ru/hotel/russia/western_siberia_irkutsk_oblast_multi/mid9079103/gostinitsa_undina
yolochka,9992200,Номер Standard (общая ванная комната),3201,1,1,,,"[""nobedding""]",,1,3700.00,3700.00,https://ostrovok.ru/hotel/russia/western_siberia_irkutsk_oblast_multi/mid9992200/yolochka
yolochka,9992200,Двухместный номер Economy (общая ванная комната) (2 отдельные кровати),3101402,1,1,2 отдельные кровати,"[""2 отдельные кровати""]","[""twin""]","[{""bed"": ""single"", ""count"": 2}]",2,3700.00,3700.00,https://ostrovok.ru/hotel/russia/western_siberia_irkutsk_oblast_multi/mid9992200/yolochka
yolochka,9992200,Трёхместный номер Economy (общая ванная комната) (в дополнительном здании),3101003,1,1,,,"[""nobedding""]",,3,3918.00,3918.00,https://ostrovok.ru/hotel/russia/western_siberia_irkutsk_oblast_multi/mid9992200/yolochka
yolochka,9992200,Трёхместный номер Standard (общая ванная комната) (в главном здании),3201003,1,1,,,"[""nobedding""]",,3,5717.00,5717.00,https://ostrovok.ru/hotel/russia/western_siberia_irkutsk_oblast_multi/mid9992200/yolochka
yolochka,9992200,Номер Standard,3202,1,1,,,"[""nobedding""]",,1,6500.00,6500.00,https://ostrovok.ru/hotel/russia/western_siberia_irkutsk_oblast_multi/mid9992200/yolochka
yolochka,9992200,"Двухместный номер Standard (двуспальная кровать) (тип кровати может измениться, в дополнительном здании)",3202302,1,1,двуспальная кровать,"[""двуспальная кровать""]","[""double""]","[{""bed"": ""double"", ""count"": 1}]",2,6885.00,6885.00,https://ostrovok.ru/hotel/russia/western_siberia_irkutsk_oblast_multi/mid9992200/yolochka
yolochka,9992200,Коттедж,9002,2,1,,,"[""nobedding""]",,1,10000.00,10593.00,https://ostrovok.ru/hotel/russia/western_siberia_irkutsk_oblast_multi/mid9992200/yolochka
shelest,8664834,Двухместный номер Standard с красивым видом из окна (2 отдельные кровати),3202402000U,1,2,2 отдельные кровати,"[""2 отдельные кровати""]","[""twin""]","[{""bed"": ""single"", ""count"": 2}]",2,4960.00,4960.00,https://ostrovok.ru/hotel/russia/western_siberia_irkutsk_oblast_multi/mid8664834/shelest
shelest,8664834,Двухместный номер Standard с красивым видом из окна (двуспальная кровать),3202302000U,1,3,двуспальная кровать,"[""двуспальная кровать""]","[""double""]","[{""bed"": ""double"", ""count"": 1}]",2,4960.00,4960.00,https://ostrovok.ru/hotel/russia/western_siberia_irkutsk_oblast_multi/mid8664834/shelest
hotel_pushkin_2,6932873,Двухместный номер Стандарт (двуспальная кровать),3202302,4,1,двуспальная кровать,"[""двуспальная кровать""]","[""double""]","[{""bed"": ""double"", ""count"": 1}]",2,7374.00,9200.00,https://ostrovok.ru/hotel/russia/western_siberia_irkutsk_oblast_multi/mid6932873/hotel_pushkin_2
hotel_pushkin_2,6932873,Двухместный номер Стандарт Улучшенный (2 отдельные кровати),3502402,1,1,2 отдельные кровати,"[""2 отдельные кровати""]","[""twin""]","[{""bed"": ""single"", ""count"": 2}]",2,9300.00,9300.00,https://ostrovok.ru/hotel/russia/western_siberia_irkutsk_oblast_multi/mid6932873/hotel_pushkin_2
hotel_pushkin_2,6932873,Двухместный номер Стандарт Улучшенный (двуспальная кровать),3502302,1,1,двуспальная кровать,"[""двуспальная кровать""]","[""double""]","[{""bed"": ""double"", ""count"": 1}]",2,9300.00,9300.00,https://ostrovok.ru/hotel/russia/western_siberia_irkutsk_oblast_multi/mid6932873/hotel_pushkin_2
hotel_pushkin_2,6932873,Двухместная Номер Студио (двуспальная кровать) (кровать queen size),7002302,1,6,двуспальная кровать,"[""двуспальная кровать""]","[""double""]","[{""bed"": ""double"", ""count"": 1}]",2,11500.00,11500.00,https://ostrovok.ru/hotel/russia/western_siberia_irkutsk_oblast_multi/mid6932873/hotel_pushkin_2
hotel_pushkin_2,6932873,Двухместный номер Делюкс (двуспальная кровать) (кровать queen size),3602302,1,4,двуспальная кровать,"[""двуспальная кровать""]","[""double""]","[{""bed"": ""double"", ""count"": 1}]",2,13000.00,13000.00,https://ostrovok.ru/hotel/russia/western_siberia_irkutsk_oblast_multi/mid6932873/hotel_pushkin_2
hotel_pushkin_2,6932873,Двухместный номер Делюкс Премиум (двуспальная кровать) (кровать queen size),3A02302,1,2,двуспальная кровать,"[""двуспальная кровать""]","[""double""]","[{""bed"": ""double"", ""count"": 1}]",2,16000.00,16000.00,https://ostrovok.ru/hotel/russia/western_siberia_irkutsk_oblast_multi/mid6932873/hotel_pushkin_2
mini_hotel_vizit,13384141,Двухместный номер Standard (двуспальная кровать),3202302,1,6,двуспальная кровать,"[""двуспальная кровать""]","[""double""]","[{""bed"": ""double"", ""count"": 1}]",2,4000.00,4000.00,https://ostrovok.ru/hotel/russia/western_siberia_irkutsk_oblast_multi/mid13384141/mini_hotel_vizit
mini_hotel_vizit,13384141,Семейный люкс,500201,1,1,,,"[""nobedding""]",,3,5000.00,5000.00,https://ostrovok.ru/hotel/russia/western_siberia_irkutsk_oblast_multi/mid13384141/mini_hotel_vizit
meridian_7,6297237,Двухместный люкс (двуспальная кровать),5002302,2,4,двуспальная кровать,"[""двуспальная кровать""]","[""double""]","[{""bed"": ""double"", ""count"": 1}]",2,6200.00,6409.00,https://ostrovok.ru/hotel/russia/western_siberia_irkutsk_oblast_multi/mid6297237/meridian_7
meridian_7,6297237,Двухместный полулюкс (двуспальная кровать),4002302,1,2,двуспальная кровать,"[""двуспальная кровать""]","[""double""]","[{""bed"": ""double"", ""count"": 1}]",2,6200.00,6200.00,https://ostrovok.ru/hotel/russia/western_siberia_irkutsk_oblast_multi/mid6297237/meridian_7
momant_house_recreation_camp,13350897,,,0,,,,,,,,,https://ostrovok.ru/hotel/russia/western_siberia_irkutsk_oblast_multi/mid13350897/momant_house_recreation_camp
baikal_business_center_hotel,7827545,Одноместный номер Standard,3202001,2,1,,,"[""nobedding""]",,1,7200.00,8500.00,https://ostrovok.ru/hotel/russia/western_siberia_irkutsk_oblast_multi/mid7827545/baikal_business_center_hotel
baikal_business_center_hotel,7827545,Двухместный номер Superior (двуспальная кровать) (кровать queen size),3502302,2,1,двуспальная кровать,"[""двуспальная кровать""]","[""double""]","[{""bed"": ""double"", ""count"": 1}]",2,8700.00,10000.00,https://ostrovok.ru/hotel/russia/western_siberia_irkutsk_oblast_multi/mid7827545/baikal_business_center_hotel
bajkal_severnoe_more_hotel,8526970,Двухместный номер Standard с видом на город (2 отдельные кровати),32024020005,2,10,2 отдельные кровати,"[""2 отдельные кровати""]","[""twin""]","[{""bed"": ""single"", ""count"": 2}]",2,6785.00,7985.00,https://ostrovok.ru/hotel/russia/western_siberia_irkutsk_oblast_multi/mid8526970/bajkal_severnoe_more_hotel
bajkal_severnoe_more_hotel,8526970,Двухместный номер Standard с видом на город (двуспальная кровать),32023020005,2,10,двуспальная кровать,"[""двуспальная кровать""]","[""double""]","[{""bed"": ""double"", ""count"": 1}]",2,6785.00,7985.00,https://ostrovok.ru/hotel/russia/western_siberia_irkutsk_oblast_multi/mid8526970/bajkal_severnoe_more_hotel
bajkal_severnoe_more_hotel,8526970,Номер Standard с балконом и с видом на город,32020000015,2,22,,,"[""nobedding""]",,1,7360.00,8560.00,https://ostrovok.ru/hotel/russia/western_siberia_irkutsk_oblast_multi/mid8526970/bajkal_severnoe_more_hotel
bajkal_severnoe_more_hotel,8526970,Двухместный номер Superior с видом на реку (2 отдельные кровати),3502402000N,2,27,2 отдельные кровати,"[""2 отдельные кровати""]","[""twin""]","[{""bed"": ""single"", ""count"": 2}]",2,7935.00,9135.00,https://ostrovok.ru/hotel/russia/western_siberia_irkutsk_oblast_multi/mid8526970/bajkal_severnoe_more_hotel
bajkal_severnoe_more_hotel,8526970,Полулюкс с видом на реку,4002000000N,2,5,,,"[""nobedding""]",,1,8510.00,9710.00,https://ostrovok.ru/hotel/russia/western_siberia_irkutsk_oblast_multi/mid8526970/bajkal_severnoe_more_hotel
bajkal_severnoe_more_hotel,8526970,Семейный люкс с видом на город,50020100005,3,2,,,"[""nobedding""]",,3,12822.50,14425.00,https://ostrovok.ru/hotel/russia/western_siberia_irkutsk_oblast_multi/mid8526970/bajkal_severnoe_more_hotel
bajkal_severnoe_more_hotel,8526970,Люкс Executive с видом на реку,5802000000N,3,2,,,"[""nobedding""]",,1,13972.50,15575.00,https://ostrovok.ru/hotel/russia/western_siberia_irkutsk_oblast_multi/mid8526970/bajkal_severnoe_more_hotel
bajkal_severnoe_more_hotel,8526970,Люкс Presidential с видом на реку,5902000000N,3,4,,,"[""nobedding""]",,1,15122.50,16725.00,https://ostrovok.ru/hotel/russia/western_siberia_irkutsk_oblast_multi/mid8526970/bajkal_severnoe_more_hotel
tri_kita_2,9824733,Двухместный номер Comfort (2 отдельные кровати),3302402,2,1,2 отдельные кровати,"[""2 отдельные кровати""]","[""twin""]","[{""bed"": ""single"", ""count"": 2}]",2,4200.00,4900.00,https://ostrovok.ru/hotel/russia/western_siberia_irkutsk_oblast_multi/mid9824733/tri_kita_2
tri_kita_2,9824733,Четырёхместный семейный люкс,5002014,2,1,,,"[""nobedding""]",,4,5300.00,6000.00,https://ostrovok.ru/hotel/russia/western_siberia_irkutsk_oblast_multi/mid9824733/tri_kita_2
miniotel_serdtse_baykala,11310800,Коттедж с видом на внутренний двор,90020000006,1,2,,,"[""nobedding""]",,1,20500.00,20500.00,https://ostrovok.ru/hotel/russia/western_siberia_irkutsk_oblast_multi/mid11310800/miniotel_serdtse_baykala
hotel_gostinitsa_dinamo,10295894,Кровать в общем номере (общая ванная комната) (4 кровати),1001,1,3,,,"[""nobedding""]",,1,1200.00,1200.00,https://ostrovok.ru/hotel/russia/western_siberia_irkutsk_oblast_multi/mid10295894/hotel_gostinitsa_dinamo
hotel_gostinitsa_dinamo,10295894,Двухместный номер Standard (общая ванная комната) (2 отдельные кровати),3201402,2,9,2 отдельные кровати,"[""2 отдельные кровати""]","[""twin""]","[{""bed"": ""single"", ""count"": 2}]",2,2279.50,2350.00,https://ostrovok.ru/hotel/russia/western_siberia_irkutsk_oblast_multi/mid10295894/hotel_gostinitsa_dinamo
hotel_gostinitsa_dinamo,10295894,Двухместный номер Comfort (общая ванная комната) (2 отдельные кровати),3301402,1,7,2 отдельные кровати,"[""2 отдельные кровати""]","[""twin""]","[{""bed"": ""single"", ""count"": 2}]",2,2850.00,2850.00,https://ostrovok.ru/hotel/russia/western_siberia_irkutsk_oblast_multi/mid10295894/hotel_gostinitsa_dinamo
hotel_gostinitsa_dinamo,10295894,Двухместный люкс c 1 комнатой (двуспальная кровать),500230201,1,1,двуспальная кровать,"[""двуспальная кровать""]","[""double""]","[{""bed"": ""double"", ""count"": 1}]",2,3600.00,3600.00,https://ostrovok.ru/hotel/russia/western_siberia_irkutsk_oblast_multi/mid10295894/hotel_gostinitsa_dinamo
hotel_gostinitsa_dinamo,10295894,Двухместный номер Superior (двуспальная кровать),3502302,1,3,двуспальная кровать,"[""двуспальная кровать""]","[""double""]","[{""bed"": ""double"", ""count"": 1}]",2,3600.00,3600.00,https://ostrovok.ru/hotel/russia/western_siberia_irkutsk_oblast_multi/mid10295894/hotel_gostinitsa_dinamo
flagman_hotel_4,9081483,,,0,,,,,,,,,https://ostrovok.ru/hotel/russia/western_siberia_irkutsk_oblast_multi/mid9081483/flagman_hotel_4
bolshoe_puteshestvie_hotel,9252749,Номер Семейный Комфорт,3302,1,2,,,"[""nobedding""]",,3,8598.00,8598.00,https://ostrovok.ru/hotel/russia/western_siberia_irkutsk_oblast_multi/mid9252749/bolshoe_puteshestvie_hotel
royal_hotel_33,6362904,,,0,,,,,,,,,https://ostrovok.ru/hotel/russia/western_siberia_irkutsk_oblast_multi/mid6362904/royal_hotel_33
hotel_nataly_2,7776564,Двухместный номер Economy с красивым видом из окна (общая ванная комната) (2 отдельные кровати),3101402000U,1,2,2 отдельные кровати,"[""2 отдельные кровати""]","[""twin""]","[{""bed"": ""single"", ""count"": 2}]",2,3800.00,3800.00,https://ostrovok.ru/hotel/russia/western_siberia_irkutsk_oblast_multi/mid7776564/hotel_nataly_2
hotel_nataly_2,7776564,Двухместный номер Economy с красивым видом из окна (общая ванная комната) (двуспальная кровать),3101302000U,1,2,двуспальная кровать,"[""двуспальная кровать""]","[""double""]","[{""bed"": ""double"", ""count"": 1}]",2,4500.00,4500.00,https://ostrovok.ru/hotel/russia/western_siberia_irkutsk_oblast_multi/mid7776564/hotel_nataly_2
hotel_nataly_2,7776564,Апартаменты с 2 комнатами,600200002,1,1,,,"[""nobedding""]",,1,7000.00,7000.00,https://ostrovok.ru/hotel/russia/western_siberia_irkutsk_oblast_multi/mid7776564/hotel_nataly_2
marx_hotel,8662194,,,0,,,,,,,,,https://ostrovok.ru/hotel/russia/western_siberia_irkutsk_oblast_multi/mid8662194/marx_hotel
bely_bereg,10844916,Шестиместный семейный коттедж,9002016,2,2,,,"[""nobedding""]",,3,6300.00,15000.00,https://ostrovok.ru/hotel/russia/western_siberia_irkutsk_oblast_multi/mid10844916/bely_bereg
bely_bereg,10844916,Двухместная студия Дуплекс с красивым видом из окна (двуспальная кровать) (кровать king size),7002302000U2,2,3,двуспальная кровать,"[""двуспальная кровать""]","[""double""]","[{""bed"": ""double"", ""count"": 1}]",2,8550.00,9500.00,https://ostrovok.ru/hotel/russia/western_siberia_irkutsk_oblast_multi/mid10844916/bely_bereg
gostevoj_dom_otdyih_na_bajkale,10014826,,,0,,,,,,,,,https://ostrovok.ru/hotel/russia/western_siberia_irkutsk_oblast_multi/mid10014826/gostevoj_dom_otdyih_na_bajkale
bajkalskie_sezonyi,9992857,Двухместный номер Standard (двуспальная кровать),3202302,2,11,двуспальная кровать,"[""двуспальная кровать""]","[""double""]","[{""bed"": ""double"", ""count"": 1}]",2,13640.00,14850.00,https://ostrovok.ru/hotel/russia/western_siberia_irkutsk_oblast_multi/mid9992857/bajkalskie_sezonyi
bajkalskie_sezonyi,9992857,Двухместный люкс (двуспальная кровать и диван),5002302,1,1,двуспальная кровать и диван,"[""двуспальная кровать"", ""диван""]","[""double""]","[{""bed"": ""double"", ""count"": 1}]",3,24651.00,24651.00,https://ostrovok.ru/hotel/russia/western_siberia_irkutsk_oblast_multi/mid9992857/bajkalskie_sezonyi
bajkalskie_sezonyi,9992857,Двухместное бунгало (2 отдельные кровати),A002402,1,2,2 отдельные кровати,"[""2 отдельные кровати""]","[""twin""]","[{""bed"": ""single"", ""count"": 2}]",2,25690.50,25690.50,https://ostrovok.ru/hotel/russia/western_siberia_irkutsk_oblast_multi/mid9992857/bajkalskie_sezonyi
bajkalskie_sezonyi,9992857,Двухместное бунгало (двуспальная кровать),A002302,1,2,двуспальная кровать,"[""двуспальная кровать""]","[""double""]","[{""bed"": ""double"", ""count"": 1}]",2,25690.50,25690.50,https://ostrovok.ru/hotel/russia/western_siberia_irkutsk_oblast_multi/mid9992857/bajkalskie_sezonyi
bajkalskie_sezonyi,9992857,Коттедж,9002,5,1,,,"[""nobedding""]",,1,32190.00,74671.00,https://ostrovok.ru/hotel/russia/western_siberia_irkutsk_oblast_multi/mid9992857/bajkalskie_sezonyi
bajkalskie_sezonyi,9992857,Коттедж с 3 комнатами,900200003,1,1,,,"[""nobedding""]",,1,66289.00,66289.00,https://ostrovok.ru/hotel/russia/western_siberia_irkutsk_oblast_multi/mid9992857/bajkalskie_sezonyi
uda_2,8752619,Одноместный номер Standard с видом на город,32020010005,1,4,,,"[""nobedding""]",,1,1700.00,1700.00,https://ostrovok.ru/hotel/russia/western_siberia_irkutsk_oblast_multi/mid8752619/uda_2
uda_2,8752619,Одноместный номер Superior с видом на город,35020010005,1,20,,,"[""nobedding""]",,1,1850.00,1850.00,https://ostrovok.ru/hotel/russia/western_siberia_irkutsk_oblast_multi/mid8752619/uda_2
uda_2,8752619,Двухместный номер Standard с видом на город (2 отдельные кровати),32024020005,1,2,2 отдельные кровати,"[""2 отдельные кровати""]","[""twin""]","[{""bed"": ""single"", ""count"": 2}]",2,1900.00,1900.00,https://ostrovok.ru/hotel/russia/western_siberia_irkutsk_oblast_multi/mid8752619/uda_2
uda_2,8752619,Двухместный номер Superior с видом на город (2 отдельные кровати),35024020005,1,9,2 отдельные кровати,"[""2 отдельные кровати""]","[""twin""]","[{""bed"": ""single"", ""count"": 2}]",2,2200.00,2200.00,https://ostrovok.ru/hotel/russia/western_siberia_irkutsk_oblast_multi/mid8752619/uda_2
uda_2,8752619,Двухместный номер Comfort с видом на город (двуспальная кровать),33023020005,1,5,двуспальная кровать,"[""двуспальная кровать""]","[""double""]","[{""bed"": ""double"", ""count"": 1}]",2,2600.00,2600.00,https://ostrovok.ru/hotel/russia/western_siberia_irkutsk_oblast_multi/mid8752619/uda_2
uda_2,8752619,Двухместный полулюкс с 2 комнатами с видом на город (двуспальная кровать и диван),40023020205,1,2,двуспальная кровать и диван,"[""двуспальная кровать"", ""диван""]","[""double""]","[{""bed"": ""double"", ""count"": 1}]",3,5000.00,5000.00,https://ostrovok.ru/hotel/russia/western_siberia_irkutsk_oblast_multi/mid8752619/uda_2
lyuks_hotel_4,10613305,Одноместный номер Standard,3202001,1,6,,,"[""nobedding""]",,1,2500.00,2500.00,https://ostrovok.ru/hotel/russia/western_siberia_irkutsk_oblast_multi/mid10613305/lyuks_hotel_4
lyuks_hotel_4,10613305,Люкс,5002,1,2,,,"[""nobedding""]",,1,5000.00,5000.00,https://ostrovok.ru/hotel/russia/western_siberia_irkutsk_oblast_multi/mid10613305/lyuks_hotel_4
recreation_complex_altan,7613629,,,0,,,,,,,,,https://ostrovok.ru/hotel/russia/western_siberia_irkutsk_oblast_multi/mid7613629/recreation_complex_altan
gostevoy_dom_briz_3,10622187,Двухместный номер Standard (2 отдельные кровати),3202402,1,6,2 отдельные кровати,"[""2 отдельные кровати""]","[""twin""]","[{""bed"": ""single"", ""count"": 2}]",2,4500.00,4500.00,https://ostrovok.ru/hotel/russia/western_siberia_irkutsk_oblast_multi/mid10622187/gostevoy_dom_briz_3
gostevoy_dom_briz_3,10622187,Трёхместный номер Economy с балконом,3102003001,1,2,,,"[""nobedding""]",,3,5500.00,5500.00,https://ostrovok.ru/hotel/russia/western_siberia_irkutsk_oblast_multi/mid10622187/gostevoy_dom_briz_3
domik_na_kholme_guest_house,13329776,,,0,,,,,,,,,https://ostrovok.ru/hotel/russia/western_siberia_irkutsk_oblast_multi/mid13329776/domik_na_kholme_guest_house
u_istoka_hotel,7675302,,,0,,,,,,,,,https://ostrovok.ru/hotel/russia/western_siberia_irkutsk_oblast_multi/mid7675302/u_istoka_hotel
smart_hotel_kdo_irkutsk_hotel,10153381,Кровать в общем номере (общая ванная комната) (4 кровати),1001,2,1,,,"[""nobedding""]",,1,1717.00,2020.00,https://ostrovok.ru/hotel/russia/western_siberia_irkutsk_oblast_multi/mid10153381/smart_hotel_kdo_irkutsk_hotel
vostochnaia,8682955,,,0,,,,,,,,,https://ostrovok.ru/hotel/russia/western_siberia_irkutsk_oblast_multi/mid8682955/vostochnaia
hotel_shvedka,13259783,Одноместный номер 1 категория Стандарт,3302011,1,2,,,"[""nobedding""]",,1,3600.00,3600.00,https://ostrovok.ru/hotel/russia/western_siberia_irkutsk_oblast_multi/mid13259783/hotel_shvedka
lakeplace_baikal_guest_house,10151941,,,0,,,,,,,,,https://ostrovok.ru/hotel/russia/western_siberia_irkutsk_oblast_multi/mid10151941/lakeplace_baikal_guest_house
hotel_sozvezdie_baikala,8666978,Двухместный номер Стандарт (2 отдельные кровати),3202402,1,1,2 отдельные кровати,"[""2 отдельные кровати""]","[""twin""]","[{""bed"": ""single"", ""count"": 2}]",2,4700.00,4700.00,https://ostrovok.ru/hotel/russia/western_siberia_irkutsk_oblast_multi/mid8666978/hotel_sozvezdie_baikala
hotel_sozvezdie_baikala,8666978,Двухместный номер Стандарт с видом на озеро (2 отдельные кровати),3202402000D,1,3,2 отдельные кровати,"[""2 отдельные кровати""]","[""twin""]","[{""bed"": ""single"", ""count"": 2}]",2,5900.00,5900.00,https://ostrovok.ru/hotel/russia/western_siberia_irkutsk_oblast_multi/mid8666978/hotel_sozvezdie_baikala
hotel_sozvezdie_baikala,8666978,Двухместный номер Улучшенный (2 отдельные кровати),3502402,2,4,2 отдельные кровати,"[""2 отдельные кровати""]","[""twin""]","[{""bed"": ""single"", ""count"": 2}]",2,8500.00,9700.00,https://ostrovok.ru/hotel/russia/western_siberia_irkutsk_oblast_multi/mid8666978/hotel_sozvezdie_baikala
hotel_sozvezdie_baikala,8666978,Двухместный полулюкс с видом на озеро (двуспальная кровать),4002302000D,2,1,двуспальная кровать,"[""двуспальная кровать""]","[""double""]","[{""bed"": ""double"", ""count"": 1}]",2,13550.00,14750.00,https://ostrovok.ru/hotel/russia/western_siberia_irkutsk_oblast_multi/mid8666978/hotel_sozvezdie_baikala
hotel_sozvezdie_baikala,8666978,Двухместная студия (двуспальная кровать),7002302,2,1,двуспальная кровать,"[""двуспальная кровать""]","[""double""]","[{""bed"": ""double"", ""count"": 1}]",2,15750.00,16950.00,https://ostrovok.ru/hotel/russia/western_siberia_irkutsk_oblast_multi/mid8666978/hotel_sozvezdie_baikala
hotel_sozvezdie_baikala,8666978,Двухместный полулюкс Superior с видом на озеро (двуспальная кровать),4502302000D,1,1,двуспальная кровать,"[""двуспальная кровать""]","[""double""]","[{""bed"": ""double"", ""count"": 1}]",2,16950.00,16950.00,https://ostrovok.ru/hotel/russia/western_siberia_irkutsk_oblast_multi/mid8666978/hotel_sozvezdie_baikala
zvezda_kochevnika,6761987,Трёхместный номер Standard,3202003,2,1,,,"[""nobedding""]",,3,19068.00,20305.00,https://ostrovok.ru/hotel/russia/western_siberia_irkutsk_oblast_multi/mid6761987/zvezda_kochevnika
hotel_olimpiada,10440808,Кровать в общем номере (общая ванная комната) (4 кровати),1001,6,8,,,"[""nobedding""]",,1,1000.00,5296.00,https://ostrovok.ru/hotel/russia/western_siberia_irkutsk_oblast_multi/mid10440808/hotel_olimpiada
hotel_olimpiada,10440808,Одноместный номер + Standard (общая ванная комната),3201011,2,2,,,"[""nobedding""]",,1,1700.00,1799.00,https://ostrovok.ru/hotel/russia/western_siberia_irkutsk_oblast_multi/mid10440808/hotel_olimpiada
hotel_olimpiada,10440808,Люкс семейный,5B02,2,1,,,"[""nobedding""]",,3,6000.00,6356.00,https://ostrovok.ru/hotel/russia/western_siberia_irkutsk_oblast_multi/mid10440808/hotel_olimpiada
flagman_hotel,7725500,,,0,,,,,,,,,https://ostrovok.ru/hotel/russia/western_siberia_irkutsk_oblast_multi/mid7725500/flagman_hotel
guest_house_vremena_goda,6511529,,,0,,,,,,,,,https://ostrovok.ru/hotel/russia/western_siberia_irkutsk_oblast_multi/mid6511529/guest_house_vremena_goda
gostinitsa_akademicheskaya,8438905,Одноместный номер Economy (общая ванная комната),3101001,1,5,,,"[""nobedding""]",,1,2700.00,2700.00,https://ostrovok.ru/hotel/russia/western_siberia_irkutsk_oblast_multi/mid8438905/gostinitsa_akademicheskaya
gostinitsa_akademicheskaya,8438905,Одноместный номер Standard,3202001,1,6,,,"[""nobedding""]",,1,4200.00,4200.00,https://ostrovok.ru/hotel/russia/western_siberia_irkutsk_oblast_multi/mid8438905/gostinitsa_akademicheskaya
gostinitsa_akademicheskaya,8438905,Одноместный номер Economy,3102001,1,9,,,"[""nobedding""]",,1,4200.00,4200.00,https://ostrovok.ru/hotel/russia/western_siberia_irkutsk_oblast_multi/mid8438905/gostinitsa_akademicheskaya
gostinitsa_akademicheskaya,8438905,Двухместный номер Standard (2 отдельные кровати),3202402,1,9,2 отдельные кровати,"[""2 отдельные кровати""]","[""twin""]","[{""bed"": ""single"", ""count"": 2}]",2,4800.00,4800.00,https://ostrovok.ru/hotel/russia/western_siberia_irkutsk_oblast_multi/mid8438905/gostinitsa_akademicheskaya
gostinitsa_akademicheskaya,8438905,Номер Standard с 2 комнатами,320200002,1,2,,,"[""nobedding""]",,1,5400.00,5400.00,https://ostrovok.ru/hotel/russia/western_siberia_irkutsk_oblast_multi/mid8438905/gostinitsa_akademicheskaya
artrezidentsiya_port_olhon,10004854,,,0,,,,,,,,,https://ostrovok.ru/hotel/russia/western_siberia_irkutsk_oblast_multi/mid10004854/artrezidentsiya_port_olhon
v_russkom_stile_guest_house,13288615,,,0,,,,,,,,,https://ostrovok.ru/hotel/russia/western_siberia_irkutsk_oblast_multi/mid13288615/v_russkom_stile_guest_house
the_hotel_on_volzhskaya,11311377,Трёхместный номер Economy (общая ванная комната) (в главном здании),3101003,1,13,,,"[""nobedding""]",,3,2791.00,2791.00,https://ostrovok.ru/hotel/russia/western_siberia_irkutsk_oblast_multi/mid11311377/the_hotel_on_volzhskaya
the_hotel_on_volzhskaya,11311377,Двухместный полулюкс (двуспальная кровать) (в главном здании),4002302,1,3,двуспальная кровать,"[""двуспальная кровать""]","[""double""]","[{""bed"": ""double"", ""count"": 1}]",2,3526.00,3526.00,https://ostrovok.ru/hotel/russia/western_siberia_irkutsk_oblast_multi/mid11311377/the_hotel_on_volzhskaya
the_hotel_on_volzhskaya,11311377,Двухместный люкс улучшенный (двуспальная кровать) (в главном здании),5502302,1,1,двуспальная кровать,"[""двуспальная кровать""]","[""double""]","[{""bed"": ""double"", ""count"": 1}]",2,6367.00,6367.00,https://ostrovok.ru/hotel/russia/western_siberia_irkutsk_oblast_multi/mid11311377/the_hotel_on_volzhskaya
modul,8585836,,,0,,,,,,,,,https://ostrovok.ru/hotel/russia/western_siberia_irkutsk_oblast_multi/mid8585836/modul
yupiter,9987415,Двухместный номер Standard (2 отдельные кровати),3202402,2,1,2 отдельные кровати,"[""2 отдельные кровати""]","[""twin""]","[{""bed"": ""single"", ""count"": 2}]",2,3000.00,3300.00,https://ostrovok.ru/hotel/russia/western_siberia_irkutsk_oblast_multi/mid9987415/yupiter
yupiter,9987415,Двухместный номер Superior (двуспальная кровать),3502302,2,2,двуспальная кровать,"[""двуспальная кровать""]","[""double""]","[{""bed"": ""double"", ""count"": 1}]",2,3000.00,3300.00,https://ostrovok.ru/hotel/russia/western_siberia_irkutsk_oblast_multi/mid9987415/yupiter
vitim,9291159,Двухместный номер Standard (общая ванная комната) (2 отдельные кровати),3201402,2,2,2 отдельные кровати,"[""2 отдельные кровати""]","[""twin""]","[{""bed"": ""single"", ""count"": 2}]",2,2840.00,2900.00,https://ostrovok.ru/hotel/russia/western_siberia_irkutsk_oblast_multi/mid9291159/vitim
vitim,9291159,Полулюкс,4002,2,1,,,"[""nobedding""]",,1,3820.00,3900.00,https://ostrovok.ru/hotel/russia/western_siberia_irkutsk_oblast_multi/mid9291159/vitim
vitim,9291159,Люкс,5002,2,1,,,"[""nobedding""]",,1,3917.00,4000.00,https://ostrovok.ru/hotel/russia/western_siberia_irkutsk_oblast_multi/mid9291159/vitim
oktyabrskaya_minihotel,8751925,Двухместный номер Standard (двуспальная кровать) (в главном здании),3202302,2,1,двуспальная кровать,"[""двуспальная кровать""]","[""double""]","[{""bed"": ""double"", ""count"": 1}]",2,1500.00,1589.00,https://ostrovok.ru/hotel/russia/western_siberia_irkutsk_oblast_multi/mid8751925/oktyabrskaya_minihotel
oktyabrskaya_minihotel,8751925,Полулюкс,4002,1,1,,,"[""nobedding""]",,1,1500.00,1500.00,https://ostrovok.ru/hotel/russia/western_siberia_irkutsk_oblast_multi/mid8751925/oktyabrskaya_minihotel
oktyabrskaya_minihotel,8751925,Двухместный номер Standard (2 отдельные кровати) (в главном здании),3202402,3,4,2 отдельные кровати,"[""2 отдельные кровати""]","[""twin""]","[{""bed"": ""single"", ""count"": 2}]",2,1500.00,1589.00,https://ostrovok.ru/hotel/russia/western_siberia_irkutsk_oblast_multi/mid8751925/oktyabrskaya_minihotel
oktyabrskaya_minihotel,8751925,Кровать в общем номере (общая ванная комната) (в главном здании),1001,2,1,,,"[""nobedding""]",,1,4000.00,4235.00,https://ostrovok.ru/hotel/russia/western_siberia_irkutsk_oblast_multi/mid8751925/oktyabrskaya_minihotel
eko_baikalwood_hotel,8737003,,,0,,,,,,,,,https://ostrovok.ru/hotel/russia/western_siberia_irkutsk_oblast_multi/mid8737003/eko_baikalwood_hotel
hotel_yubileinaya__2,6433819,Двухместный номер Standard (2 отдельные кровати),3202402,2,8,2 отдельные кровати,"[""2 отдельные кровати""]","[""twin""]","[{""bed"": ""single"", ""count"": 2}]",2,2732.00,3000.00,https://ostrovok.ru/hotel/russia/western_siberia_irkutsk_oblast_multi/mid6433819/hotel_yubileinaya__2
hotel_yubileinaya__2,6433819,Двухместный номер Comfort (двуспальная кровать),3302302,2,1,двуспальная кровать,"[""двуспальная кровать""]","[""double""]","[{""bed"": ""double"", ""count"": 1}]",2,3186.00,3500.00,https://ostrovok.ru/hotel/russia/western_siberia_irkutsk_oblast_multi/mid6433819/hotel_yubileinaya__2
riderside,8754956,Двухместный номер Standard (двуспальная кровать) (без окна),3202302,4,1,двуспальная кровать,"[""двуспальная кровать""]","[""double""]","[{""bed"": ""double"", ""count"": 1}]",2,2850.00,3600.00,https://ostrovok.ru/hotel/russia/western_siberia_irkutsk_oblast_multi/mid8754956/riderside
dream_of_baikal_hotel,6374723,,,0,,,,,,,,,https://ostrovok.ru/hotel/russia/western_siberia_irkutsk_oblast_multi/mid6374723/dream_of_baikal_hotel
hotelclub_ice,9679208,Шале,B002,2,2,,,"[""nobedding""]",,1,25000.00,25535.00,https://ostrovok.ru/hotel/russia/western_siberia_irkutsk_oblast_multi/mid9679208/hotelclub_ice
gostevoy_dom_mandarkhan_obaykal,11306441,Коттедж (общая ванная комната),9001,1,1,,,"[""nobedding""]",,1,16815.00,16815.00,https://ostrovok.ru/hotel/russia/western_siberia_irkutsk_oblast_multi/mid11306441/gostevoy_dom_mandarkhan_obaykal
glemping_hygge_barn,11337901,Коттедж Premium с красивым видом из окна,9A02000000U,1,1,,,"[""nobedding""]",,1,12500.00,12500.00,https://ostrovok.ru/hotel/russia/western_siberia_irkutsk_oblast_multi/mid11337901/glemping_hygge_barn
glemping_hygge_barn,11337901,Коттедж с 2 комнатами с красивым видом из окна,9002000020U,1,1,,,"[""nobedding""]",,1,12500.00,12500.00,https://ostrovok.ru/hotel/russia/western_siberia_irkutsk_oblast_multi/mid11337901/glemping_hygge_barn
katantsa_hotel,13328659,,,0,,,,,,,,,https://ostrovok.ru/hotel/russia/western_siberia_irkutsk_oblast_multi/mid13328659/katantsa_hotel
gostevoy_dom_melodiya_baykala,10462241,Двухместный номер Superior (двуспальная кровать),3502302,1,1,двуспальная кровать,"[""двуспальная кровать""]","[""double""]","[{""bed"": ""double"", ""count"": 1}]",2,4500.00,4500.00,https://ostrovok.ru/hotel/russia/western_siberia_irkutsk_oblast_multi/mid10462241/gostevoy_dom_melodiya_baykala
hotel_anastasiya_2,13164685,Люкс Presidential с балконом и с видом на озеро,5902000001D,2,1,,,"[""nobedding""]",,1,35800.00,37480.00,https://ostrovok.ru/hotel/russia/western_siberia_irkutsk_oblast_multi/mid13164685/hotel_anastasiya_2
gostevoy_dom_chilla_villa_baikal,10373429,,,0,,,,,,,,,https://ostrovok.ru/hotel/russia/western_siberia_irkutsk_oblast_multi/mid10373429/gostevoy_dom_chilla_villa_baikal
magnetit,8825582,Одноместный номер Классический,3B02001,1,4,,,"[""nobedding""]",,1,2700.00,2700.00,https://ostrovok.ru/hotel/russia/western_siberia_irkutsk_oblast_multi/mid8825582/magnetit
magnetit,8825582,Одноместный номер Стандарт,3202001,1,12,,,"[""nobedding""]",,1,3100.00,3100.00,https://ostrovok.ru/hotel/russia/western_siberia_irkutsk_oblast_multi/mid8825582/magnetit
magnetit,8825582,Одноместный номер Улучшенный,3502001,1,5,,,"[""nobedding""]",,1,4300.00,4300.00,https://ostrovok.ru/hotel/russia/western_siberia_irkutsk_oblast_multi/mid8825582/magnetit
magnetit,8825582,Двухместный номер Стандарт (2 отдельные кровати),3202402,1,7,2 отдельные кровати,"[""2 отдельные кровати""]","[""twin""]","[{""bed"": ""single"", ""count"": 2}]",2,4400.00,4400.00,https://ostrovok.ru/hotel/russia/western_siberia_irkutsk_oblast_multi/mid8825582/magnetit
magnetit,8825582,Двухместный люкс Двухкомнатный (двуспальная кровать),500230202,1,1,двуспальная кровать,"[""двуспальная кровать""]","[""double""]","[{""bed"": ""double"", ""count"": 1}]",2,5700.00,5700.00,https://ostrovok.ru/hotel/russia/western_siberia_irkutsk_oblast_multi/mid8825582/magnetit
magnetit,8825582,Четырёхместный номер Стандарт,3202004,1,2,,,"[""nobedding""]",,4,8000.00,8000.00,https://ostrovok.ru/hotel/russia/western_siberia_irkutsk_oblast_multi/mid8825582/magnetit
less_guest_house,11308288,Двухместный номер Standard с видом на горы (2 отдельные кровати),3202402000F,1,1,2 отдельные кровати,"[""2 отдельные кровати""]","[""twin""]","[{""bed"": ""single"", ""count"": 2}]",2,9950.00,9950.00,https://ostrovok.ru/hotel/russia/western_siberia_irkutsk_oblast_multi/mid11308288/less_guest_house
less_guest_house,11308288,Двухместный номер Standard с красивым видом из окна (двуспальная кровать) (кровать king size),3202302000U,1,5,двуспальная кровать,"[""двуспальная кровать""]","[""double""]","[{""bed"": ""double"", ""count"": 1}]",2,9950.00,9950.00,https://ostrovok.ru/hotel/russia/western_siberia_irkutsk_oblast_multi/mid11308288/less_guest_house
praskovya_guest_house,9999816,Кровать в общем номере (общая ванная комната) (3 кровати),1001,4,1,,,"[""nobedding""]",,1,1800.00,2828.00,https://ostrovok.ru/hotel/russia/western_siberia_irkutsk_oblast_multi/mid9999816/praskovya_guest_house
praskovya_guest_house,9999816,Двухместный номер Economy (общая ванная комната) (2 отдельные кровати) (без окна),3101402,3,1,2 отдельные кровати,"[""2 отдельные кровати""]","[""twin""]","[{""bed"": ""single"", ""count"": 2}]",2,1800.00,2193.00,https://ostrovok.ru/hotel/russia/western_siberia_irkutsk_oblast_multi/mid9999816/praskovya_guest_house
praskovya_guest_house,9999816,Одноместный номер Standard,3202001,1,3,,,"[""nobedding""]",,1,3300.00,3300.00,https://ostrovok.ru/hotel/russia/western_siberia_irkutsk_oblast_multi/mid9999816/praskovya_guest_house
praskovya_guest_house,9999816,Двухместный люкс (двуспальная кровать),5002302,1,1,двуспальная кровать,"[""двуспальная кровать""]","[""double""]","[{""bed"": ""double"", ""count"": 1}]",2,5000.00,5000.00,https://ostrovok.ru/hotel/russia/western_siberia_irkutsk_oblast_multi/mid9999816/praskovya_guest_house
recreation_centre_baikal_rainbow,6341048,Двухместный номер Deluxe (двуспальная кровать) (тип кровати может измениться),3602302,1,3,двуспальная кровать,"[""двуспальная кровать""]","[""double""]","[{""bed"": ""double"", ""count"": 1}]",2,13242.00,13242.00,https://ostrovok.ru/hotel/russia/western_siberia_irkutsk_oblast_multi/mid6341048/recreation_centre_baikal_rainbow
recreation_centre_baikal_rainbow,6341048,Апартаменты Standard с 2 комнатами,620200002,1,1,,,"[""nobedding""]",,1,25424.00,25424.00,https://ostrovok.ru/hotel/russia/western_siberia_irkutsk_oblast_multi/mid6341048/recreation_centre_baikal_rainbow
gostevoi_dom_margobai,8735570,Кровать в общем номере (общая ванная комната) (3 кровати),1001,5,12,,,"[""nobedding""]",,1,1894.00,4973.00,https://ostrovok.ru/hotel/russia/western_siberia_irkutsk_oblast_multi/mid8735570/gostevoi_dom_margobai
gostevoi_dom_margobai,8735570,Трёхместный номер Economy (общая ванная комната),3101003,5,3,,,"[""nobedding""]",,3,4783.00,8023.00,https://ostrovok.ru/hotel/russia/western_siberia_irkutsk_oblast_multi/mid8735570/gostevoi_dom_margobai
gostevoi_dom_margobai,8735570,Двухместный номер Economy (общая ванная комната) (2 отдельные кровати),3101402,5,6,2 отдельные кровати,"[""2 отдельные кровати""]","[""twin""]","[{""bed"": ""single"", ""count"": 2}]",2,4783.00,8023.00,https://ostrovok.ru/hotel/russia/western_siberia_irkutsk_oblast_multi/mid8735570/gostevoi_dom_margobai
gostevoi_dom_margobai,8735570,Двухместный номер Economy (общая ванная комната) (двуспальная кровать),3101302,5,1,двуспальная кровать,"[""двуспальная кровать""]","[""double""]","[{""bed"": ""double"", ""count"": 1}]",2,4783.00,8023.00,https://ostrovok.ru/hotel/russia/western_siberia_irkutsk_oblast_multi/mid8735570/gostevoi_dom_margobai
gostevoi_dom_margobai,8735570,Двухместный номер Standard (двуспальная кровать),3202302,5,4,двуспальная кровать,"[""двуспальная кровать""]","[""double""]","[{""bed"": ""double"", ""count"": 1}]",2,6876.00,10116.00,https://ostrovok.ru/hotel/russia/western_siberia_irkutsk_oblast_multi/mid8735570/gostevoi_dom_margobai
gostevoi_dom_margobai,8735570,Двухместный номер Standard (2 отдельные кровати),3202402,5,1,2 отдельные кровати,"[""2 отдельные кровати""]","[""twin""]","[{""bed"": ""single"", ""count"": 2}]",2,6876.00,10116.00,https://ostrovok.ru/hotel/russia/western_siberia_irkutsk_oblast_multi/mid8735570/gostevoi_dom_margobai
gostevoi_dom_margobai,8735570,Двухместный люкс (двуспальная кровать),5002302,5,3,двуспальная кровать,"[""двуспальная кровать""]","[""double""]","[{""bed"": ""double"", ""count"": 1}]",2,8172.00,11427.00,https://ostrovok.ru/hotel/russia/western_siberia_irkutsk_oblast_multi/mid8735570/gostevoi_dom_margobai
gloria_20,8854283,,,0,,,,,,,,,https://ostrovok.ru/hotel/russia/western_siberia_irkutsk_oblast_multi/mid8854283/gloria_20
luna_hotel_9,9752435,Двухместный номер Standard (2 отдельные кровати),3202402,3,1,2 отдельные кровати,"[""2 отдельные кровати""]","[""twin""]","[{""bed"": ""single"", ""count"": 2}]",2,3000.00,3600.00,https://ostrovok.ru/hotel/russia/western_siberia_irkutsk_oblast_multi/mid9752435/luna_hotel_9
luna_hotel_9,9752435,Одноместный номер Comfort,3302001,1,1,,,"[""nobedding""]",,1,3300.00,3300.00,https://ostrovok.ru/hotel/russia/western_siberia_irkutsk_oblast_multi/mid9752435/luna_hotel_9
luna_hotel_9,9752435,Двухместный номер Comfort с видом на город (двуспальная кровать),33023020005,1,1,двуспальная кровать,"[""двуспальная кровать""]","[""double""]","[{""bed"": ""double"", ""count"": 1}]",2,3600.00,3600.00,https://ostrovok.ru/hotel/russia/western_siberia_irkutsk_oblast_multi/mid9752435/luna_hotel_9
trakstop_38_2,10669986,Люкс с 2 комнатами,500200002,1,1,,,"[""nobedding""]",,1,9717.00,9717.00,https://ostrovok.ru/hotel/russia/western_siberia_irkutsk_oblast_multi/mid10669986/trakstop_38_2
mir_baykala_hotel,10219071,Двухместный номер Superior (2 отдельные кровати) (в дополнительном здании),3502402,1,1,2 отдельные кровати,"[""2 отдельные кровати""]","[""twin""]","[{""bed"": ""single"", ""count"": 2}]",2,15945.00,15945.00,https://ostrovok.ru/hotel/russia/western_siberia_irkutsk_oblast_multi/mid10219071/mir_baykala_hotel
mir_baykala_hotel,10219071,"Двухместный коттедж Premium (двуспальная кровать) (тип кровати может измениться, в дополнительном здании)",9A02302,1,1,двуспальная кровать,"[""двуспальная кровать""]","[""double""]","[{""bed"": ""double"", ""count"": 1}]",2,17937.00,17937.00,https://ostrovok.ru/hotel/russia/western_siberia_irkutsk_oblast_multi/mid10219071/mir_baykala_hotel
planeta_9,8850641,Двухместный номер Standard (двуспальная кровать),3202302,4,3,двуспальная кровать,"[""двуспальная кровать""]","[""double""]","[{""bed"": ""double"", ""count"": 1}]",2,3000.00,3389.00,https://ostrovok.ru/hotel/russia/western_siberia_irkutsk_oblast_multi/mid8850641/planeta_9
planeta_9,8850641,Двухместный номер Standard (2 отдельные кровати),3202402,4,3,2 отдельные кровати,"[""2 отдельные кровати""]","[""twin""]","[{""bed"": ""single"", ""count"": 2}]",2,3000.00,3389.00,https://ostrovok.ru/hotel/russia/western_siberia_irkutsk_oblast_multi/mid8850641/planeta_9
planeta_9,8850641,Двухместный полулюкс (двуспальная кровать),4002302,4,2,двуспальная кровать,"[""двуспальная кровать""]","[""double""]","[{""bed"": ""double"", ""count"": 1}]",2,3500.00,3911.00,https://ostrovok.ru/hotel/russia/western_siberia_irkutsk_oblast_multi/mid8850641/planeta_9
planeta_9,8850641,Двухместный люкс (двуспальная кровать),5002302,4,1,двуспальная кровать,"[""двуспальная кровать""]","[""double""]","[{""bed"": ""double"", ""count"": 1}]",2,5000.00,5479.00,https://ostrovok.ru/hotel/russia/western_siberia_irkutsk_oblast_multi/mid8850641/planeta_9
baikal_capsule_hostel,8881125,Кровать в общем номере (общая ванная комната) (8 кроватей),1001,1,1,,,"[""nobedding""]",,1,1121.00,1121.00,https://ostrovok.ru/hotel/russia/western_siberia_irkutsk_oblast_multi/mid8881125/baikal_capsule_hostel
tochka_baykala_hotel,11328622,,,0,,,,,,,,,https://ostrovok.ru/hotel/russia/western_siberia_irkutsk_oblast_multi/mid11328622/tochka_baykala_hotel
metelitsa_6,9211770,Двухместный номер Standard с красивым видом из окна (двуспальная кровать),3202302000U,1,3,двуспальная кровать,"[""двуспальная кровать""]","[""double""]","[{""bed"": ""double"", ""count"": 1}]",2,2392.00,2392.00,https://ostrovok.ru/hotel/russia/western_siberia_irkutsk_oblast_multi/mid9211770/metelitsa_6
metelitsa_6,9211770,Двухместный полулюкс с красивым видом из окна (двуспальная кровать),4002302000U,1,1,двуспальная кровать,"[""двуспальная кровать""]","[""double""]","[{""bed"": ""double"", ""count"": 1}]",2,3388.00,3388.00,https://ostrovok.ru/hotel/russia/western_siberia_irkutsk_oblast_multi/mid9211770/metelitsa_6
home_hotel_apartments_home_wanted_on_piskunov_street,11232250,Студия,7002,1,1,,,"[""nobedding""]",,1,3429.00,3429.00,https://ostrovok.ru/hotel/russia/western_siberia_irkutsk_oblast_multi/mid11232250/home_hotel_apartments_home_wanted_on_piskunov_street
home_hotel_apartments_home_wanted_on_piskunov_street,11232250,Апартаменты Standard c 1 комнатой,620200001,1,1,,,"[""nobedding""]",,1,3429.00,3429.00,https://ostrovok.ru/hotel/russia/western_siberia_irkutsk_oblast_multi/mid11232250/home_hotel_apartments_home_wanted_on_piskunov_street
komilfo_2,9768630,Номер № 6 (джакузи),3502,1,1,,,"[""nobedding""]",,1,5000.00,5000.00,https://ostrovok.ru/hotel/russia/western_siberia_irkutsk_oblast_multi/mid9768630/komilfo_2
komilfo_2,9768630,Номер № 4,3602,1,1,,,"[""nobedding""]",,1,5000.00,5000.00,https://ostrovok.ru/hotel/russia/western_siberia_irkutsk_oblast_multi/mid9768630/komilfo_2
aura_living_quarters,13743326,,,0,,,,,,,,,https://ostrovok.ru/hotel/russia/western_siberia_irkutsk_oblast_multi/mid13743326/aura_living_quarters
na_gornoy_ulitse_5_private_house,13123803,,,0,,,,,,,,,https://ostrovok.ru/hotel/russia/western_siberia_irkutsk_oblast_multi/mid13123803/na_gornoy_ulitse_5_private_house
izumrud_hotel_7,13287135,Полулюкс c 1 комнатой,400200001,1,2,,,"[""nobedding""]",,1,3500.00,3500.00,https://ostrovok.ru/hotel/russia/western_siberia_irkutsk_oblast_multi/mid13287135/izumrud_hotel_7
izumrud_hotel_7,13287135,Номер Standard,3202,2,2,,,"[""nobedding""]",,1,3707.00,4267.00,https://ostrovok.ru/hotel/russia/western_siberia_irkutsk_oblast_multi/mid13287135/izumrud_hotel_7
izumrud_hotel_7,13287135,Люкс c 1 комнатой,500200001,1,2,,,"[""nobedding""]",,1,5000.00,5000.00,https://ostrovok.ru/hotel/russia/western_siberia_irkutsk_oblast_multi/mid13287135/izumrud_hotel_7
izumrud_hotel_7,13287135,Номер Superior,3502,2,2,,,"[""nobedding""]",,1,5296.00,5855.00,https://ostrovok.ru/hotel/russia/western_siberia_irkutsk_oblast_multi/mid13287135/izumrud_hotel_7
dlya_kompanii_guest_house,13288614,Коттедж с видом на озеро (диван) (терраса),9002000000D,1,1,диван,"[""диван""]","[""sofa-bed""]",,1,21600.00,21600.00,https://ostrovok.ru/hotel/russia/western_siberia_irkutsk_oblast_multi/mid13288614/dlya_kompanii_guest_house
barnkhaus_guest_house_4,13320876,,,0,,,,,,,,,https://ostrovok.ru/hotel/russia/western_siberia_irkutsk_oblast_multi/mid13320876/barnkhaus_guest_house_4
loft_house_38_guest_house,13330745,,,0,,,,,,,,,https://ostrovok.ru/hotel/russia/western_siberia_irkutsk_oblast_multi/mid13330745/loft_house_38_guest_house
pekin_hotel,13730320,Номер Standard с видом на внутренний двор,32020000006,1,70,,,"[""nobedding""]",,1,4950.00,4950.00,https://ostrovok.ru/hotel/russia/western_siberia_irkutsk_oblast_multi/mid13730320/pekin_hotel
pekin_hotel,13730320,Апартаменты Comfort с видом на внутренний двор,63020000006,1,5,,,"[""nobedding""]",,1,5737.50,5737.50,https://ostrovok.ru/hotel/russia/western_siberia_irkutsk_oblast_multi/mid13730320/pekin_hotel
